<Qucs Dataset 0.0.19>
<indep time 200>
  +0.00000000000000000000e+000
  +5.02512562814070376516e-002
  +1.00502512562814075303e-001
  +1.50753768844221092138e-001
  +2.01005025125628150606e-001
  +2.51256281407035153563e-001
  +3.01507537688442184276e-001
  +3.51758793969849270500e-001
  +4.02010050251256301213e-001
  +4.52261306532663331925e-001
  +5.02512562814070307127e-001
  +5.52763819095477337839e-001
  +6.03015075376884368552e-001
  +6.53266331658291510287e-001
  +7.03517587939698541000e-001
  +7.53768844221105571712e-001
  +8.04020100502512602425e-001
  +8.54271356783919633138e-001
  +9.04522613065326663850e-001
  +9.54773869346733694563e-001
  +1.00502512562814061425e+000
  +1.05527638190954764497e+000
  +1.10552763819095467568e+000
  +1.15577889447236170639e+000
  +1.20603015075376873710e+000
  +1.25628140703517598986e+000
  +1.30653266331658302057e+000
  +1.35678391959799005129e+000
  +1.40703517587939708200e+000
  +1.45728643216080411271e+000
  +1.50753768844221114342e+000
  +1.55778894472361817414e+000
  +1.60804020100502520485e+000
  +1.65829145728643223556e+000
  +1.70854271356783926628e+000
  +1.75879396984924629699e+000
  +1.80904522613065332770e+000
  +1.85929648241206035841e+000
  +1.90954773869346738913e+000
  +1.95979899497487441984e+000
  +2.01005025125628122851e+000
  +2.06030150753768825922e+000
  +2.11055276381909528993e+000
  +2.16080402010050232064e+000
  +2.21105527638190935136e+000
  +2.26130653266331638207e+000
  +2.31155778894472341278e+000
  +2.36180904522613044350e+000
  +2.41206030150753747421e+000
  +2.46231155778894450492e+000
  +2.51256281407035197972e+000
  +2.56281407035175901044e+000
  +2.61306532663316604115e+000
  +2.66331658291457307186e+000
  +2.71356783919598010257e+000
  +2.76381909547738713329e+000
  +2.81407035175879416400e+000
  +2.86432160804020119471e+000
  +2.91457286432160822542e+000
  +2.96482412060301525614e+000
  +3.01507537688442228685e+000
  +3.06532663316582931756e+000
  +3.11557788944723634827e+000
  +3.16582914572864337899e+000
  +3.21608040201005040970e+000
  +3.26633165829145744041e+000
  +3.31658291457286447113e+000
  +3.36683417085427150184e+000
  +3.41708542713567853255e+000
  +3.46733668341708556326e+000
  +3.51758793969849259398e+000
  +3.56783919597989962469e+000
  +3.61809045226130665540e+000
  +3.66834170854271368611e+000
  +3.71859296482412071683e+000
  +3.76884422110552774754e+000
  +3.81909547738693477825e+000
  +3.86934673366834180896e+000
  +3.91959798994974883968e+000
  +3.96984924623115587039e+000
  +4.02010050251256245701e+000
  +4.07035175879396948773e+000
  +4.12060301507537651844e+000
  +4.17085427135678354915e+000
  +4.22110552763819057986e+000
  +4.27135678391959761058e+000
  +4.32160804020100464129e+000
  +4.37185929648241167200e+000
  +4.42211055276381870272e+000
  +4.47236180904522573343e+000
  +4.52261306532663276414e+000
  +4.57286432160803979485e+000
  +4.62311557788944682557e+000
  +4.67336683417085385628e+000
  +4.72361809045226088699e+000
  +4.77386934673366791770e+000
  +4.82412060301507494842e+000
  +4.87437185929648197913e+000
  +4.92462311557788900984e+000
  +4.97487437185929604055e+000
  +5.02512562814070395945e+000
  +5.07537688442211099016e+000
  +5.12562814070351802087e+000
  +5.17587939698492505158e+000
  +5.22613065326633208230e+000
  +5.27638190954773911301e+000
  +5.32663316582914614372e+000
  +5.37688442211055317443e+000
  +5.42713567839196020515e+000
  +5.47738693467336723586e+000
  +5.52763819095477426657e+000
  +5.57788944723618129728e+000
  +5.62814070351758832800e+000
  +5.67839195979899535871e+000
  +5.72864321608040238942e+000
  +5.77889447236180942014e+000
  +5.82914572864321645085e+000
  +5.87939698492462348156e+000
  +5.92964824120603051227e+000
  +5.97989949748743754299e+000
  +6.03015075376884457370e+000
  +6.08040201005025160441e+000
  +6.13065326633165863512e+000
  +6.18090452261306566584e+000
  +6.23115577889447269655e+000
  +6.28140703517587972726e+000
  +6.33165829145728675797e+000
  +6.38190954773869378869e+000
  +6.43216080402010081940e+000
  +6.48241206030150785011e+000
  +6.53266331658291488083e+000
  +6.58291457286432191154e+000
  +6.63316582914572894225e+000
  +6.68341708542713597296e+000
  +6.73366834170854300368e+000
  +6.78391959798995003439e+000
  +6.83417085427135706510e+000
  +6.88442211055276409581e+000
  +6.93467336683417112653e+000
  +6.98492462311557815724e+000
  +7.03517587939698518795e+000
  +7.08542713567839221867e+000
  +7.13567839195979924938e+000
  +7.18592964824120628009e+000
  +7.23618090452261331080e+000
  +7.28643216080402034152e+000
  +7.33668341708542737223e+000
  +7.38693467336683440294e+000
  +7.43718592964824143365e+000
  +7.48743718592964846437e+000
  +7.53768844221105549508e+000
  +7.58793969849246252579e+000
  +7.63819095477386955650e+000
  +7.68844221105527658722e+000
  +7.73869346733668361793e+000
  +7.78894472361809064864e+000
  +7.83919597989949767936e+000
  +7.88944723618090471007e+000
  +7.93969849246231174078e+000
  +7.98994974874371877149e+000
  +8.04020100502512491403e+000
  +8.09045226130653283292e+000
  +8.14070351758793897545e+000
  +8.19095477386934689434e+000
  +8.24120603015075303688e+000
  +8.29145728643216095577e+000
  +8.34170854271356709830e+000
  +8.39195979899497501719e+000
  +8.44221105527638115973e+000
  +8.49246231155778907862e+000
  +8.54271356783919522115e+000
  +8.59296482412060314005e+000
  +8.64321608040200928258e+000
  +8.69346733668341720147e+000
  +8.74371859296482334400e+000
  +8.79396984924623126290e+000
  +8.84422110552763740543e+000
  +8.89447236180904532432e+000
  +8.94472361809045146686e+000
  +8.99497487437185938575e+000
  +9.04522613065326552828e+000
  +9.09547738693467344717e+000
  +9.14572864321607958971e+000
  +9.19597989949748750860e+000
  +9.24623115577889365113e+000
  +9.29648241206030157002e+000
  +9.34673366834170771256e+000
  +9.39698492462311563145e+000
  +9.44723618090452177398e+000
  +9.49748743718592969287e+000
  +9.54773869346733583541e+000
  +9.59798994974874375430e+000
  +9.64824120603014989683e+000
  +9.69849246231155781572e+000
  +9.74874371859296395826e+000
  +9.79899497487437187715e+000
  +9.84924623115577801968e+000
  +9.89949748743718593857e+000
  +9.94974874371859208111e+000
  +1.00000000000000000000e+001
</indep>
<dep VR.Vt time>
  +0.00000000000000000000e+000
  +1.41375799955767433858e-011
  +9.05409081042307661846e-012
  +5.63815660825639497489e-012
  +2.68407518433377845213e-012
  -1.29674049276218283921e-013
  -2.94519963972561527044e-012
  -5.91526827520283404738e-012
  -9.38182864729242282920e-012
  -1.46798129208036698401e-011
  -1.17577003688751346999e-010
  -3.08493586162666932893e+000
  -6.39632332386106128297e+000
  -9.00233333762986021043e+000
  -1.06389502010211973726e+001
  -1.11425485338781946609e+001
  -1.04629218196955484643e+001
  -8.66783850341760953029e+000
  -5.93692901443708365150e+000
  -2.54831616668962457339e+000
  +2.77060041575794002711e-011
  +1.60920166081268689595e-011
  +1.13153930669795954600e-011
  +7.97406585206772433594e-012
  +5.04307706705731106922e-012
  +2.23643326080491533503e-012
  -5.87974113841482903808e-013
  -3.58646445874910568818e-012
  -1.22435395155662263278e-011
  -1.80349069012208929053e-011
  -1.73766712361134167963e-004
  -3.43837961955880899723e+000
  -6.69374274750329245620e+000
  -9.21315523324955343298e+000
  -1.07420450893611558740e+001
  -1.11276340946424650014e+001
  -1.03314842472127068618e+001
  -8.43299576836750475195e+000
  -5.62228344229299548118e+000
  -2.18696223985092386144e+000
  +3.94206889353654332808e-011
  -2.45137243837234564126e-013
  +2.16324735902162501588e-011
  -8.07709454875293886289e-012
  +1.54383172912275767885e-011
  -1.37916345011035446078e-011
  +9.80193703981058206409e-012
  -1.96536120711243711412e-011
  +3.11217718262923881412e-012
  -2.95328206334488641005e-011
  -1.96526910968868984142e-001
  -3.78787639676349341400e+000
  -6.98373004838034905362e+000
  -9.41398774039525498836e+000
  -1.08336115210970973521e+001
  -1.11008038313339501002e+001
  -1.01889309741554363598e+001
  -8.18895173521150354645e+000
  -5.30131163719525577704e+000
  -1.82336626459354089747e+000
  -3.66382479910498659592e-011
  +7.23368032140569994226e-011
  +6.80158152022158901673e-011
  +6.47908393602847354487e-011
  -5.80158143748121801764e-011
  +5.90993920468463329598e-011
  -6.36593000535867759027e-011
  +5.31947819126799004152e-011
  -7.04867275658216385636e-011
  +4.26880752968372689793e-011
  -5.47224336975671743488e-001
  -4.13302199753417287553e+000
  -7.26598857811062259771e+000
  -9.60462833793974368746e+000
  -1.09135574840670308561e+001
  -1.10620846898525666546e+001
  -1.00354053972492760494e+001
  -7.93595346411200353032e+000
  -4.97434919622752058643e+000
  -1.45822436117958620372e+000
  +1.02006181279534757778e-010
  -6.89972523559845285490e-011
  +8.85460593735842849128e-011
  -7.62963026090801577084e-011
  +8.24904589080688310787e-011
  -8.19699863541245576926e-011
  +7.68363150882578338496e-011
  -8.79314399071517982520e-011
  +6.98188173942071443889e-011
  -9.93249926750650047325e-011
  -9.09930581043238873029e-001
  -4.47343017861595892981e+000
  -7.54023037090095193946e+000
  -9.78488489556083962384e+000
  -1.09818026553539915824e+001
  -1.10115155582790222866e+001
  -9.87106200147378487486e+000
  -7.67425740595313321535e+000
  -4.64174098375033139519e+000
  -1.09251726613913291430e+000
  +9.60502788416306430008e-011
  -6.54036824698778218590e-011
  +8.41069436319230590016e-011
  -7.25020044001212227158e-011
  +7.81223974399836151861e-011
  -7.81632536472898209468e-011
  +7.24540427654574159533e-011
  -8.41815506191778695211e-011
  +6.52384812838135985658e-011
  -9.69093694180855891318e-011
  -1.27536091022067266110e+000
  -4.80872887909212387569e+000
  -7.80617626838303024783e+000
  -9.95457584206121381953e+000
  -1.10382784767595349962e+001
  -1.09491472301040726478e+001
  -9.69606621934635093396e+000
  -7.40412922209962776066e+000
  -4.30384181938179999349e+000
  -7.27960937528852936040e-001
  +9.78985781330266036093e-011
  -6.88835655182629125193e-011
  -7.26636528725066455081e-011
  -7.57296447773114778101e-011
  -7.85735920771912788041e-011
  -8.13713540992466732860e-011
  -8.42543812495932797901e-011
  -8.74518235605137306266e-011
  -9.16697828756696253549e-011
  -1.01154862264252187742e-010
  -1.64093678393672615101e+000
  -5.13855791575748721556e+000
  -8.06355606917757938845e+000
  -1.01135303266479574802e+001
  -1.10829282193782958643e+001
  -1.08750423562643643294e+001
  -9.51059428155177499775e+000
  -7.12584361231821272753e+000
  -3.96101760188441609500e+000
  -3.68969488984144944332e-001
  -5.90403281819362746319e-011
  -6.54090115403960226104e-011
  -6.91020574095091433264e-011
  -7.21431803185623721220e-011
  -7.49782458342451718636e-011
  -7.77813369268187670968e-011
  -8.06856803592381766066e-011
  -8.39461833379573363345e-011
  -8.84101680753701657522e-011
  -1.00365382671441238926e-010
  -2.00540525095017363455e+000
  -5.46256755540316696340e+000
  -8.31210869503672000747e+000
  -1.02615883724290739565e+001
  -1.11157070371271995413e+001
  -1.07892753860731023252e+001
  -9.31483305946928652475e+000
  -6.83968415605954582759e+000
  -3.61364712174384994370e+000
  -4.54284162917784062330e-002
  -7.37223615487891947851e-011
  +9.95843407736174413003e-011
  -8.32116597848653327674e-011
  +9.29532006921363063157e-011
  -8.90487683591345557943e-011
  +8.73203731543981120922e-011
  -9.47757428093609632924e-011
  +8.10791433991653320845e-011
  -1.02778230370859091636e-010
  +6.21354079299862860353e-011
  -2.36795675443520980963e+000
  -5.78041763281473386371e+000
  -8.55158236756148149027e+000
  -1.03986010215242750121e+001
  -1.11365820091220033561e+001
  -1.06919324971807725433e+001
  -9.10897990027067550045e+000
  -6.54594317407929882080e+000
  -3.26212500128998650339e+000
  -1.15435337733060805476e-007
  -7.89350806940092297737e-011
  -8.43760616930921969470e-011
  -8.78763728451303904876e-011
  -9.08553232648046105169e-011
  -9.36744015689328080043e-011
  -9.64845980888640042394e-011
  -9.94297977285896195099e-011
  -1.02818198399745597271e-010
  -1.07783115765869297320e-010
  -1.26567645253317095921e-010
  -2.72797360979753422683e+000
  -6.09177701949575833851e+000
  -8.78173479099068821085e+000
  -1.05244304712618585995e+001
  -1.11455321708222818700e+001
  -1.05831115147013150590e+001
  -8.89324245540175795099e+000
  -6.24492161991118788222e+000
  -2.90686656227299478061e+000
  -5.89983189232090065124e-011
</dep>
<dep VD.Vt time>
  +0.00000000000000000000e+000
  +3.72621638247588826687e+000
  +7.08404030322928690566e+000
  +9.74150042904661006560e+000
  +1.14358669081873873807e+001
  +1.19996261627300047081e+001
  +1.13770421220090600656e+001
  +9.62966657042485074669e+000
  +6.93025382897244490721e+000
  +3.54568139563072026732e+000
  -1.89434904046061919347e-001
  -8.20886856495867567318e-001
  -8.39737962294310746891e-001
  -8.48573163921288342593e-001
  -8.52891435569957057083e-001
  -8.54087070443541485076e-001
  -8.52460118713695425008e-001
  -8.47594293575732793400e-001
  -8.37811175705933885993e-001
  -8.15946583914547107774e-001
  +3.78822597150011042277e-001
  +4.08445564083325329818e+000
  +7.38627889088682820784e+000
  +9.95785752162073123372e+000
  +1.15449523571285102008e+001
  +1.19906552328130704410e+001
  +1.12509017244104896349e+001
  +9.39882757823027326083e+000
  +6.61753814404953732975e+000
  +3.18200566080218294474e+000
  -5.67942112946331456591e-001
  -8.23691012042329084863e-001
  -8.40912932587006278773e-001
  -8.49171601598974645775e-001
  -8.53140744151104080117e-001
  -8.54052444002081467822e-001
  -8.52133302616511101313e-001
  -8.46884206216563462100e-001
  -8.36403426398466876002e-001
  -8.11993308592774187815e-001
  +7.57267575712644580577e-001
  +4.43862342499878970159e+000
  +7.68115467510364080539e+000
  +1.01642884052756556912e+001
  +1.16425295464763944864e+001
  +1.19697317570098569206e+001
  +1.11135461832842974417e+001
  +9.15861963032168446830e+000
  +6.29822595317051980857e+000
  +2.81515803353797045006e+000
  -7.49703633920857370754e-001
  -8.26193623620645301031e-001
  -8.42009317001881307796e-001
  -8.49729081529693064390e-001
  -8.53360175929353426127e-001
  -8.53990035918129275494e-001
  -8.51774113902661111908e-001
  -8.46125030789013243826e-001
  -8.34883750512669942090e-001
  -8.07292657578741135183e-001
  +1.13495769357477094275e+000
  +4.78836669271576909068e+000
  +7.96837371725715470916e+000
  +1.03605873051098971160e+001
  +1.17285012092585017029e+001
  +1.19368765921887813874e+001
  +1.09651124177129020154e+001
  +8.90928217109819087227e+000
  +5.97263555377868549101e+000
  +2.44550419543911745635e+000
  -7.76177649959628013221e-001
  -8.28448006291416461089e-001
  -8.43033605372683680912e-001
  -8.50247374921761056576e-001
  -8.53550248921818299763e-001
  -8.53899707491472148568e-001
  -8.51381614096497485455e-001
  -8.45313732292929498335e-001
  -8.33238017486540472056e-001
  -8.01515636697044064896e-001
  +1.51151646071056755538e+000
  +5.13333681259146068498e+000
  +8.24764971122163892403e+000
  +1.05465585464137934224e+001
  +1.18027816467539423684e+001
  +1.18921224893954828872e+001
  +1.08057483894041990169e+001
  +8.65106374586456539078e+000
  +5.64109150116224622451e+000
  +2.07341262578857143950e+000
  -7.89323652056149849265e-001
  -8.30494107450943652715e-001
  -8.43991381018703301642e-001
  -8.50728060757641513234e-001
  -8.53711404702035991932e-001
  -8.53781256765016038912e-001
  -8.50954747104715747419e-001
  -8.44446862742893378240e-001
  -8.31448926733883375562e-001
  -7.94051249467922715120e-001
  +1.88656851551097637376e+000
  +5.47318991054959269604e+000
  +8.51870426861190033208e+000
  +1.07220167486509900812e+001
  +1.18652968149659052699e+001
  +1.18355140601341872753e+001
  +1.06356129562460388627e+001
  +8.38422175200385844107e+000
  +5.30392428600172927133e+000
  +1.69925423319628476904e+000
  -7.98051715468544919929e-001
  -8.32362622139914742903e-001
  -8.44887477393554298111e-001
  -8.51172547419825953341e-001
  -8.53844012553974018864e-001
  -8.53634416732365175484e-001
  -8.50492326991181379903e-001
  -8.43520489210546342562e-001
  -8.29494993140690084488e-001
  -7.83555523283750110508e-001
  +2.25973999777870293570e+000
  +5.80758721378291831172e+000
  +8.78126719647760545229e+000
  +1.08867870114215108401e+001
  +1.19159843974226067331e+001
  +1.17671077330702260610e+001
  +1.04548757129457534631e+001
  +8.10902218357074744404e+000
  +4.96147000391728631996e+000
  +1.32340198703648392886e+000
  -8.04567411545134558715e-001
  -8.34077637950722983184e-001
  -8.45726101973813593204e-001
  -8.51582091001273022712e-001
  -8.53948372869591798562e-001
  -8.53458852936119560795e-001
  -8.49993023622908072667e-001
  -8.42530105006979779247e-001
  -8.27349090903638062500e-001
  -7.65988204553974649791e-001
  +2.63065892223133523942e+000
  +6.13619538777330930657e+000
  +9.03507676606959897470e+000
  +1.10407050881302453149e+001
  +1.19547938673270586207e+001
  +1.16869716971042389986e+001
  +1.02637168220056498313e+001
  +7.82573936546616621968e+000
  +4.61407002047253644861e+000
  +9.46230544990099731173e-001
  -8.09752782558214700970e-001
  -8.35658397770475236399e-001
  -8.46510935265306518893e-001
  -8.51957810865015652269e-001
  -8.54024719868863413375e-001
  -8.53254160418724927339e-001
  -8.49455345798295624604e-001
  -8.41470519065749877896e-001
  -8.24976303254742360238e-001
  -7.11839159460273540603e-001
  +2.99895554851735068880e+000
  +6.45868686859187057792e+000
  +9.27987997466720671014e+000
  +1.11836175497362475539e+001
  +1.19816865387335909077e+001
  +1.15951858334249440219e+001
  +1.00623268349433665492e+001
  +7.53465568000925944858e+000
  +4.26207063170398381402e+000
  +5.68115879596565176435e-001
  -8.14048906348827649992e-001
  -8.37120511222516960892e-001
  -8.47245210665162007402e-001
  -8.52300702885624095195e-001
  -8.54073223693300520587e-001
  -8.53019859952792947055e-001
  -8.48877621358070988400e-001
  -8.40335716818852107579e-001
  -8.22330639559467058142e-001
  -3.78822481742429995055e-001
  +3.36426275068304825311e+000
  +6.77474019022739426532e+000
  +9.51543279708115719018e+000
  +1.13153819385000868891e+001
  +1.19966356044154078830e+001
  +1.14918416366876385837e+001
  +9.85090650165063763666e+000
  +7.23606128625822186962e+000
  +3.90582271823037796565e+000
  +1.89434904290203931509e-001
  -8.17707785818412191681e-001
  -8.38476809467277095500e-001
  -8.47931779428213294736e-001
  -8.52611650744257487666e-001
  -8.54093991907592609003e-001
  -8.52755393488766610943e-001
  -8.48257973650522467679e-001
  -8.39118683327143566331e-001
  -8.19349820217120328181e-001
  +5.89689283707172694582e-011
</dep>
<dep VG.Vt time>
  +0.00000000000000000000e+000
  +3.72621638249002584686e+000
  +7.08404030323834099647e+000
  +9.74150042905224822221e+000
  +1.14358669081900714559e+001
  +1.19996261627298750341e+001
  +1.13770421220061148659e+001
  +9.62966657041893547841e+000
  +6.93025382896306307856e+000
  +3.54568139561604045440e+000
  -1.89434904163638923036e-001
  -3.90582271812253667420e+000
  -7.23606128615537169679e+000
  -9.85090650155114921915e+000
  -1.14918416365911539856e+001
  -1.19966356043217352578e+001
  -1.13153819384092440004e+001
  -9.51543279699334298982e+000
  -6.77474019014301731545e+000
  -3.36426275060417179219e+000
  +3.78822597177717046435e-001
  +4.08445564084934531479e+000
  +7.38627889089814360091e+000
  +9.95785752162870529958e+000
  +1.15449523571335532779e+001
  +1.19906552328153068743e+001
  +1.12509017244099016608e+001
  +9.39882757822668679637e+000
  +6.61753814403729379023e+000
  +3.18200566078414803783e+000
  -5.68115879658692590759e-001
  -4.26207063160113808209e+000
  -7.53465568009029862395e+000
  -1.00623268348485286339e+001
  -1.15951858335122608423e+001
  -1.19816865386445456920e+001
  -1.11836175498292185182e+001
  -9.27987997458406788098e+000
  -6.45868686869146202412e+000
  -2.99895554844369804925e+000
  +7.57267575752065269512e-001
  +4.43862342499854456435e+000
  +7.68115467512527327898e+000
  +1.01642884052675785966e+001
  +1.16425295464918328037e+001
  +1.19697317569960652861e+001
  +1.11135461832940993787e+001
  +9.15861963030203085623e+000
  +6.29822595317363198575e+000
  +2.81515803350843762942e+000
  -9.46230544889726354896e-001
  -4.61407002038413871503e+000
  -7.82573936538223069448e+000
  -1.02637168219249481638e+001
  -1.16869716970264505562e+001
  -1.19547938672520785985e+001
  -1.10407050880580968055e+001
  -9.03507676600051645721e+000
  -6.13619538770792605220e+000
  -2.63065892217228203265e+000
  +1.13495769353813269475e+000
  +4.78836669278810589390e+000
  +7.96837371732517052436e+000
  +1.03605873051746879554e+001
  +1.17285012092004858886e+001
  +1.19368765922478807795e+001
  +1.09651124176492427154e+001
  +8.90928217115138565418e+000
  +5.97263555370819876345e+000
  +2.44550419548180553164e+000
  -1.32340198693529975671e+000
  -4.96147000382558900355e+000
  -8.10902218348330627862e+000
  -1.04548757128615044110e+001
  -1.17671077329888493779e+001
  -1.19159843973440384701e+001
  -1.08867870113457740899e+001
  -8.78126719640493291763e+000
  -5.80758721371406139156e+000
  -2.25973999787663037964e+000
  +1.51151646081257373666e+000
  +5.13333681252246343263e+000
  +8.24764971131018498340e+000
  +1.05465585463374971198e+001
  +1.18027816468364328273e+001
  +1.18921224893135129008e+001
  +1.08057483894810353320e+001
  +8.65106374577663395087e+000
  +5.64109150123206504190e+000
  +2.07341262568924644683e+000
  -1.69925423309938872229e+000
  -5.30392428606690291559e+000
  -8.38422175191965557417e+000
  -1.06356129563184804709e+001
  -1.18355140600560275743e+001
  -1.18652968150440383255e+001
  -1.07220167485785005113e+001
  -8.51870426869602681563e+000
  -5.47318991048421477075e+000
  -1.88656851560705574045e+000
  +1.88656851560702665260e+000
  +5.47318991048418901357e+000
  +8.51870426869600727571e+000
  +1.07220167485784880768e+001
  +1.18652968150440276673e+001
  +1.18355140600560240216e+001
  +1.06356129563184929054e+001
  +8.38422175191967689045e+000
  +5.30392428606696775262e+000
  +1.69925423309937539962e+000
  -2.07341262568921758103e+000
  -5.64109150123203839655e+000
  -8.65106374577658421288e+000
  -1.08057483894810388847e+001
  -1.18921224893135093481e+001
  -1.18027816468364381564e+001
  -1.05465585463375326469e+001
  -8.24764971131017432526e+000
  -5.13333681252249007798e+000
  -1.51151646081260304655e+000
  +2.25973999787660151384e+000
  +5.80758721371403474620e+000
  +8.78126719640494179941e+000
  +1.08867870113457811954e+001
  +1.19159843973440331411e+001
  +1.17671077329888547069e+001
  +1.04548757128614990819e+001
  +8.10902218348329562048e+000
  +4.96147000382561653709e+000
  +1.32340198693532906660e+000
  -2.44550419548186059870e+000
  -5.97263555370821030976e+000
  -8.90928217115139275961e+000
  -1.09651124176492302809e+001
  -1.19368765922478878849e+001
  -1.17285012092004841122e+001
  -1.03605873051746826263e+001
  -7.96837371732519272882e+000
  -4.78836669278805437955e+000
  -1.13495769353811959412e+000
  +2.63065892217229491123e+000
  +6.13619538770790029503e+000
  +9.03507676600049691729e+000
  +1.10407050880581021346e+001
  +1.19547938672520803749e+001
  +1.16869716970264576617e+001
  +1.02637168219249641510e+001
  +7.82573936538222003634e+000
  +4.61407002038412628053e+000
  +9.46230544889734348502e-001
  -2.81515803350838833552e+000
  -6.29822595317364264389e+000
  -9.15861963030202730351e+000
  -1.11135461832940887206e+001
  -1.19697317569960635097e+001
  -1.16425295464918274746e+001
  -1.01642884052675821493e+001
  -7.68115467512529548344e+000
  -4.43862342499859252598e+000
  -7.57267575752051946836e-001
  +2.99895554844362832725e+000
  +6.45868686869145491869e+000
  +9.27987997458399505035e+000
  +1.11836175498292007546e+001
  +1.19816865386445421393e+001
  +1.15951858335122643950e+001
  +1.00623268348485908064e+001
  +7.53465568009033859198e+000
  +4.26207063160120558365e+000
  +5.68115879658700584365e-001
  -3.18200566078403745962e+000
  -6.61753814403725115767e+000
  -9.39882757822664416381e+000
  -1.12509017244098998844e+001
  -1.19906552328153033216e+001
  -1.15449523571335657124e+001
  -9.95785752162874615578e+000
  -7.38627889089815070633e+000
  -4.08445564084945367256e+000
  -3.78822597177767728116e-001
  +3.36426275060411317241e+000
  +6.77474019014301820363e+000
  +9.51543279699328081733e+000
  +1.13153819384092315659e+001
  +1.19966356043217334815e+001
  +1.14918416365911539856e+001
  +9.85090650155120783893e+000
  +7.23606128615540367122e+000
  +3.90582271812259484989e+000
  +1.89434904163636286256e-001
  -3.54568139561594630749e+000
  -6.93025382896303554503e+000
  -9.62966657041890172763e+000
  -1.13770421220061166423e+001
  -1.19996261627298750341e+001
  -1.14358669081900821141e+001
  -9.74150042905228019663e+000
  -7.08404030323833122651e+000
  -3.72621638249011510879e+000
  -2.93905524917370541971e-014
</dep>
<dep G.It time>
  +0.00000000000000000000e+000
  -2.82755789162215139937e-013
  -1.81088295967608455037e-013
  -1.12748918237919368216e-013
  -5.36679371645565795665e-014
  +2.58125680036241319599e-015
  +5.89069168278380538205e-014
  +1.18302694019514796071e-013
  +1.87637938523428043652e-013
  +2.93597219197296897411e-013
  +2.35154025495243860967e-012
  +6.16987172325333815825e-002
  +1.27926466477221223439e-001
  +1.80046666752597228633e-001
  +2.12779004020423934129e-001
  +2.22850970677563875455e-001
  +2.09258436393910979278e-001
  +1.73356770068352206149e-001
  +1.18738580288741665814e-001
  +5.09663233337924945210e-002
  -5.54120179380584709306e-013
  -3.21837545199491766643e-013
  -2.26302387473092896063e-013
  -1.59469200872412098198e-013
  -1.00868344355406978972e-013
  -4.47239118646166004754e-014
  +1.17566330361477245217e-014
  +7.17412978920887242269e-014
  +2.44876476391965183744e-013
  +3.60701178234306880754e-013
  +3.47533424722244507196e-006
  +6.87675923911761771690e-002
  +1.33874854950065846904e-001
  +1.84263104664991073101e-001
  +2.14840901787223148567e-001
  +2.22552681892849296696e-001
  +2.06629684944254154999e-001
  +1.68659915367350088378e-001
  +1.12445668845859908513e-001
  +4.37392447970184825023e-002
  -7.88413436499294560548e-013
  +4.89484666240363951693e-015
  -4.32645978120836359288e-013
  +1.61537633185815973786e-013
  -3.08759694838140610386e-013
  +2.75843913409649874134e-013
  -1.96028149053140369172e-013
  +3.93087075869024694926e-013
  -6.22509111331635261400e-014
  +5.90655537335867432416e-013
  +3.93053821937738075837e-003
  +7.57575279352698666147e-002
  +1.39674600967606976631e-001
  +1.88279754807905097547e-001
  +2.16672230421941947043e-001
  +2.22016076626678993122e-001
  +2.03778619483108713872e-001
  +1.63779034704230053165e-001
  +1.06026232743905129974e-001
  +3.64673252918708210024e-002
  +7.32764234364337650574e-013
  -1.44674309340182877654e-012
  -1.36031781769405079177e-012
  -1.29580886267214228181e-012
  +1.16032248560698532353e-012
  -1.18197912140417184084e-012
  +1.27316922944701634722e-012
  -1.06389382916920638235e-012
  +1.40972854469134694526e-012
  -8.53759486828596011629e-013
  +1.09444867395134346616e-002
  +8.26604399506834508493e-002
  +1.45319771562212457505e-001
  +1.92092566758794880410e-001
  +2.18271149681340620452e-001
  +2.21241693797051330872e-001
  +2.00708107944985530979e-001
  +1.58719069282240082819e-001
  +9.94869839245504233860e-002
  +2.91644872235917278214e-002
  -2.04012294235649498520e-012
  +1.37994900237912918362e-012
  -1.77092476379194970370e-012
  +1.52593381629378160700e-012
  -1.64981373342035647918e-012
  +1.63941121462850037674e-012
  -1.53672588781380205741e-012
  +1.75861510293295650363e-012
  -1.39636870476957217568e-012
  +1.98649944077120381717e-012
  +1.81986116208647796810e-002
  +8.94686035723191858127e-002
  +1.50804607418019043230e-001
  +1.95697697911216772493e-001
  +2.19636053107079842750e-001
  +2.20230311165580450172e-001
  +1.97421240029475697497e-001
  +1.53485148119062664307e-001
  +9.28348196750066328997e-002
  +2.18503453227826618943e-002
  -1.92100495927872486935e-012
  +1.30806713584416824989e-012
  -1.68214731002476351623e-012
  +1.45004354598341226625e-012
  -1.56243550008611461308e-012
  +1.56325512787614491389e-012
  -1.44907099746095717031e-012
  +1.68361934502639650747e-012
  -1.30477182943489588241e-012
  +1.93818676588690474365e-012
  +2.55072182044134530832e-002
  +9.61745775818424741832e-002
  +1.56123525367660609398e-001
  +1.99091516841224253076e-001
  +2.20765569535190719908e-001
  +2.18982944602081452956e-001
  +1.93921324386927024230e-001
  +1.48082584441992570756e-001
  +8.60768363876359965392e-002
  +1.45592187505770593453e-002
  -1.95797423569778388465e-012
  +1.37767605246208247848e-012
  +1.45325949361672670336e-012
  +1.51460843690336513779e-012
  +1.57146718500097060254e-012
  +1.62743126792864841443e-012
  +1.68509689710391969499e-012
  +1.74902144702543931422e-012
  +1.83339400057005266320e-012
  +2.02309940745501069859e-012
  +3.28187356787345216325e-002
  +1.02771158315149754858e-001
  +1.61271121383551596651e-001
  +2.02270606532959140722e-001
  +2.21658564387565926168e-001
  +2.17500847125287305461e-001
  +1.90211885631035498845e-001
  +1.42516872246364251220e-001
  +7.92203520376883324472e-002
  +7.37938977968289906012e-003
  +1.18080702838662443944e-012
  +1.30817175402103569511e-012
  +1.38205386761682694660e-012
  +1.44286632080291262211e-012
  +1.49958229961842646330e-012
  +1.55563590185839259270e-012
  +1.61371785247940551154e-012
  +1.67892524474246878456e-012
  +1.76820747159382427542e-012
  +2.00730700243388619878e-012
  +4.01081050190034774094e-002
  +1.09251351108063346484e-001
  +1.66242173900734424574e-001
  +2.05231767448581459146e-001
  +2.22314140742544019691e-001
  +2.15785507721462044284e-001
  +1.86296661189385731605e-001
  +1.36793683121190917662e-001
  +7.22729424348770022046e-002
  +9.08568325835567625927e-004
  +1.47444457042759734437e-012
  -1.99169104978332893286e-012
  +1.66422899593080018446e-012
  -1.85905019102176340985e-012
  +1.78096469836430688772e-012
  -1.74639190119684661815e-012
  +1.89552349519396915141e-012
  -1.62158405497987624796e-012
  +2.05557150288648910840e-012
  -1.24270884265347415495e-012
  +4.73591350887041934170e-002
  +1.15608352656294682825e-001
  +1.71031647351229637577e-001
  +2.07972020430485515785e-001
  +2.22731640182440071563e-001
  +2.13838649943615455307e-001
  +1.82179598005413501127e-001
  +1.30918863481585961983e-001
  +6.52425000257997322883e-002
  +2.30870675438504674116e-009
  +1.57870153656323270558e-012
  +1.68751938927485061560e-012
  +1.75751746751213200883e-012
  +1.81712353067267120463e-012
  +1.87350303868576035919e-012
  +1.92970952825199069626e-012
  +1.98860426279755991382e-012
  +2.05636155973999236064e-012
  +2.15566174468275168109e-012
  +2.53135310107988013477e-012
  +5.45594721959506839815e-002
  +1.21835540389915175652e-001
  +1.75634695819813779760e-001
  +2.10488609425237199746e-001
  +2.22910643416445647391e-001
  +2.11662230294026310062e-001
  +1.77864849108035155689e-001
  +1.24898432398223763196e-001
  +5.81373312454598958898e-002
  +1.17996637846418009794e-012
</dep>
<dep IT.It time>
  +0.00000000000000000000e+000
  +2.82755789162215139937e-013
  +1.81088295967608455037e-013
  +1.12748918237919368216e-013
  +5.36679371645565795665e-014
  -2.58125680036241319599e-015
  -5.89069168278380538205e-014
  -1.18302694019514796071e-013
  -1.87637938523428043652e-013
  -2.93597219197296897411e-013
  -2.35154025495243860967e-012
  -6.16987172325333815825e-002
  -1.27926466477221223439e-001
  -1.80046666752597200878e-001
  -2.12779004020423961885e-001
  -2.22850970677563875455e-001
  -2.09258436393910979278e-001
  -1.73356770068352206149e-001
  -1.18738580288741665814e-001
  -5.09663233337925014599e-002
  +5.54120179380584709306e-013
  +3.21837545199491766643e-013
  +2.26302387473092896063e-013
  +1.59469200872412098198e-013
  +1.00868344355406978972e-013
  +4.47239118646166004754e-014
  -1.17566330361477245217e-014
  -7.17412978920887242269e-014
  -2.44876476391965183744e-013
  -3.60701178234306880754e-013
  -3.47533424722244507196e-006
  -6.87675923911761910468e-002
  -1.33874854950065846904e-001
  -1.84263104664991073101e-001
  -2.14840901787223148567e-001
  -2.22552681892849268941e-001
  -2.06629684944254182755e-001
  -1.68659915367350116133e-001
  -1.12445668845859908513e-001
  -4.37392447970184825023e-002
  +7.88413436499294560548e-013
  -4.89484666240363951693e-015
  +4.32645978120836359288e-013
  -1.61537633185815973786e-013
  +3.08759694838140610386e-013
  -2.75843913409649874134e-013
  +1.96028149053140369172e-013
  -3.93087075869024694926e-013
  +6.22509111331635261400e-014
  -5.90655537335867432416e-013
  -3.93053821937738162573e-003
  -7.57575279352698666147e-002
  -1.39674600967607004387e-001
  -1.88279754807905097547e-001
  -2.16672230421941947043e-001
  -2.22016076626678993122e-001
  -2.03778619483108686117e-001
  -1.63779034704230080921e-001
  -1.06026232743905129974e-001
  -3.64673252918708210024e-002
  -7.32764234364337650574e-013
  +1.44674309340182877654e-012
  +1.36031781769405079177e-012
  +1.29580886267214228181e-012
  -1.16032248560698532353e-012
  +1.18197912140417184084e-012
  -1.27316922944701634722e-012
  +1.06389382916920638235e-012
  -1.40972854469134694526e-012
  +8.53759486828596011629e-013
  -1.09444867395134363963e-002
  -8.26604399506834508493e-002
  -1.45319771562212457505e-001
  -1.92092566758794880410e-001
  -2.18271149681340648208e-001
  -2.21241693797051330872e-001
  -2.00708107944985530979e-001
  -1.58719069282240055063e-001
  -9.94869839245504233860e-002
  -2.91644872235917278214e-002
  +2.04012294235649498520e-012
  -1.37994900237912918362e-012
  +1.77092476379194970370e-012
  -1.52593381629378160700e-012
  +1.64981373342035647918e-012
  -1.63941121462850037674e-012
  +1.53672588781380205741e-012
  -1.75861510293295650363e-012
  +1.39636870476957217568e-012
  -1.98649944077120381717e-012
  -1.81986116208647796810e-002
  -8.94686035723191858127e-002
  -1.50804607418019043230e-001
  -1.95697697911216772493e-001
  -2.19636053107079842750e-001
  -2.20230311165580477928e-001
  -1.97421240029475697497e-001
  -1.53485148119062664307e-001
  -9.28348196750066328997e-002
  -2.18503453227826584249e-002
  +1.92100495927872486935e-012
  -1.30806713584416824989e-012
  +1.68214731002476351623e-012
  -1.45004354598341226625e-012
  +1.56243550008611461308e-012
  -1.56325512787614491389e-012
  +1.44907099746095717031e-012
  -1.68361934502639650747e-012
  +1.30477182943489588241e-012
  -1.93818676588690474365e-012
  -2.55072182044134530832e-002
  -9.61745775818424741832e-002
  -1.56123525367660609398e-001
  -1.99091516841224280832e-001
  -2.20765569535190719908e-001
  -2.18982944602081452956e-001
  -1.93921324386927024230e-001
  -1.48082584441992570756e-001
  -8.60768363876359965392e-002
  -1.45592187505770610800e-002
  +1.95797423569778388465e-012
  -1.37767605246208247848e-012
  -1.45325949361672670336e-012
  -1.51460843690336513779e-012
  -1.57146718500097060254e-012
  -1.62743126792864841443e-012
  -1.68509689710391969499e-012
  -1.74902144702543931422e-012
  -1.83339400057005266320e-012
  -2.02309940745501069859e-012
  -3.28187356787345216325e-002
  -1.02771158315149754858e-001
  -1.61271121383551596651e-001
  -2.02270606532959168478e-001
  -2.21658564387565898413e-001
  -2.17500847125287277706e-001
  -1.90211885631035498845e-001
  -1.42516872246364278976e-001
  -7.92203520376883324472e-002
  -7.37938977968289819276e-003
  -1.18080702838662443944e-012
  -1.30817175402103569511e-012
  -1.38205386761682694660e-012
  -1.44286632080291262211e-012
  -1.49958229961842646330e-012
  -1.55563590185839259270e-012
  -1.61371785247940551154e-012
  -1.67892524474246878456e-012
  -1.76820747159382427542e-012
  -2.00730700243388619878e-012
  -4.01081050190034704706e-002
  -1.09251351108063346484e-001
  -1.66242173900734424574e-001
  -2.05231767448581459146e-001
  -2.22314140742544019691e-001
  -2.15785507721462044284e-001
  -1.86296661189385731605e-001
  -1.36793683121190917662e-001
  -7.22729424348770022046e-002
  -9.08568325835567734347e-004
  -1.47444457042759734437e-012
  +1.99169104978332893286e-012
  -1.66422899593080018446e-012
  +1.85905019102176340985e-012
  -1.78096469836430688772e-012
  +1.74639190119684661815e-012
  -1.89552349519396915141e-012
  +1.62158405497987624796e-012
  -2.05557150288648910840e-012
  +1.24270884265347415495e-012
  -4.73591350887042003559e-002
  -1.15608352656294696703e-001
  -1.71031647351229637577e-001
  -2.07972020430485543541e-001
  -2.22731640182440071563e-001
  -2.13838649943615483062e-001
  -1.82179598005413501127e-001
  -1.30918863481585961983e-001
  -6.52425000257997322883e-002
  -2.30870675438504674116e-009
  -1.57870153656323270558e-012
  -1.68751938927485061560e-012
  -1.75751746751213200883e-012
  -1.81712353067267120463e-012
  -1.87350303868576035919e-012
  -1.92970952825199069626e-012
  -1.98860426279755991382e-012
  -2.05636155973999236064e-012
  -2.15566174468275168109e-012
  -2.53135310107988013477e-012
  -5.45594721959506839815e-002
  -1.21835540389915161774e-001
  -1.75634695819813779760e-001
  -2.10488609425237171990e-001
  -2.22910643416445675147e-001
  -2.11662230294026310062e-001
  -1.77864849108035155689e-001
  -1.24898432398223763196e-001
  -5.81373312454599028287e-002
  -1.17996637846418009794e-012
</dep>
<dep _net1.Vt time>
  +0.00000000000000000000e+000
  +3.72621638247588826687e+000
  +7.08404030322928690566e+000
  +9.74150042904661006560e+000
  +1.14358669081873873807e+001
  +1.19996261627300047081e+001
  +1.13770421220090600656e+001
  +9.62966657042485074669e+000
  +6.93025382897244490721e+000
  +3.54568139563072026732e+000
  -1.89434904046061919347e-001
  -8.20886856495867567318e-001
  -8.39737962294310746891e-001
  -8.48573163921288342593e-001
  -8.52891435569957057083e-001
  -8.54087070443541485076e-001
  -8.52460118713695425008e-001
  -8.47594293575732793400e-001
  -8.37811175705933885993e-001
  -8.15946583914547107774e-001
  +3.78822597150011042277e-001
  +4.08445564083325329818e+000
  +7.38627889088682820784e+000
  +9.95785752162073123372e+000
  +1.15449523571285102008e+001
  +1.19906552328130704410e+001
  +1.12509017244104896349e+001
  +9.39882757823027326083e+000
  +6.61753814404953732975e+000
  +3.18200566080218294474e+000
  -5.67942112946331456591e-001
  -8.23691012042329084863e-001
  -8.40912932587006278773e-001
  -8.49171601598974645775e-001
  -8.53140744151104080117e-001
  -8.54052444002081467822e-001
  -8.52133302616511101313e-001
  -8.46884206216563462100e-001
  -8.36403426398466876002e-001
  -8.11993308592774187815e-001
  +7.57267575712644580577e-001
  +4.43862342499878970159e+000
  +7.68115467510364080539e+000
  +1.01642884052756556912e+001
  +1.16425295464763944864e+001
  +1.19697317570098569206e+001
  +1.11135461832842974417e+001
  +9.15861963032168446830e+000
  +6.29822595317051980857e+000
  +2.81515803353797045006e+000
  -7.49703633920857370754e-001
  -8.26193623620645301031e-001
  -8.42009317001881307796e-001
  -8.49729081529693064390e-001
  -8.53360175929353426127e-001
  -8.53990035918129275494e-001
  -8.51774113902661111908e-001
  -8.46125030789013243826e-001
  -8.34883750512669942090e-001
  -8.07292657578741135183e-001
  +1.13495769357477094275e+000
  +4.78836669271576909068e+000
  +7.96837371725715470916e+000
  +1.03605873051098971160e+001
  +1.17285012092585017029e+001
  +1.19368765921887813874e+001
  +1.09651124177129020154e+001
  +8.90928217109819087227e+000
  +5.97263555377868549101e+000
  +2.44550419543911745635e+000
  -7.76177649959628013221e-001
  -8.28448006291416461089e-001
  -8.43033605372683680912e-001
  -8.50247374921761056576e-001
  -8.53550248921818299763e-001
  -8.53899707491472148568e-001
  -8.51381614096497485455e-001
  -8.45313732292929498335e-001
  -8.33238017486540472056e-001
  -8.01515636697044064896e-001
  +1.51151646071056755538e+000
  +5.13333681259146068498e+000
  +8.24764971122163892403e+000
  +1.05465585464137934224e+001
  +1.18027816467539423684e+001
  +1.18921224893954828872e+001
  +1.08057483894041990169e+001
  +8.65106374586456539078e+000
  +5.64109150116224622451e+000
  +2.07341262578857143950e+000
  -7.89323652056149849265e-001
  -8.30494107450943652715e-001
  -8.43991381018703301642e-001
  -8.50728060757641513234e-001
  -8.53711404702035991932e-001
  -8.53781256765016038912e-001
  -8.50954747104715747419e-001
  -8.44446862742893378240e-001
  -8.31448926733883375562e-001
  -7.94051249467922715120e-001
  +1.88656851551097637376e+000
  +5.47318991054959269604e+000
  +8.51870426861190033208e+000
  +1.07220167486509900812e+001
  +1.18652968149659052699e+001
  +1.18355140601341872753e+001
  +1.06356129562460388627e+001
  +8.38422175200385844107e+000
  +5.30392428600172927133e+000
  +1.69925423319628476904e+000
  -7.98051715468544919929e-001
  -8.32362622139914742903e-001
  -8.44887477393554298111e-001
  -8.51172547419825953341e-001
  -8.53844012553974018864e-001
  -8.53634416732365175484e-001
  -8.50492326991181379903e-001
  -8.43520489210546342562e-001
  -8.29494993140690084488e-001
  -7.83555523283750110508e-001
  +2.25973999777870293570e+000
  +5.80758721378291831172e+000
  +8.78126719647760545229e+000
  +1.08867870114215108401e+001
  +1.19159843974226067331e+001
  +1.17671077330702260610e+001
  +1.04548757129457534631e+001
  +8.10902218357074744404e+000
  +4.96147000391728631996e+000
  +1.32340198703648392886e+000
  -8.04567411545134558715e-001
  -8.34077637950722983184e-001
  -8.45726101973813593204e-001
  -8.51582091001273022712e-001
  -8.53948372869591798562e-001
  -8.53458852936119560795e-001
  -8.49993023622908072667e-001
  -8.42530105006979779247e-001
  -8.27349090903638062500e-001
  -7.65988204553974649791e-001
  +2.63065892223133523942e+000
  +6.13619538777330930657e+000
  +9.03507676606959897470e+000
  +1.10407050881302453149e+001
  +1.19547938673270586207e+001
  +1.16869716971042389986e+001
  +1.02637168220056498313e+001
  +7.82573936546616621968e+000
  +4.61407002047253644861e+000
  +9.46230544990099731173e-001
  -8.09752782558214700970e-001
  -8.35658397770475236399e-001
  -8.46510935265306518893e-001
  -8.51957810865015652269e-001
  -8.54024719868863413375e-001
  -8.53254160418724927339e-001
  -8.49455345798295624604e-001
  -8.41470519065749877896e-001
  -8.24976303254742360238e-001
  -7.11839159460273540603e-001
  +2.99895554851735068880e+000
  +6.45868686859187057792e+000
  +9.27987997466720671014e+000
  +1.11836175497362475539e+001
  +1.19816865387335909077e+001
  +1.15951858334249440219e+001
  +1.00623268349433665492e+001
  +7.53465568000925944858e+000
  +4.26207063170398381402e+000
  +5.68115879596565176435e-001
  -8.14048906348827649992e-001
  -8.37120511222516960892e-001
  -8.47245210665162007402e-001
  -8.52300702885624095195e-001
  -8.54073223693300520587e-001
  -8.53019859952792947055e-001
  -8.48877621358070988400e-001
  -8.40335716818852107579e-001
  -8.22330639559467058142e-001
  -3.78822481742429995055e-001
  +3.36426275068304825311e+000
  +6.77474019022739426532e+000
  +9.51543279708115719018e+000
  +1.13153819385000868891e+001
  +1.19966356044154078830e+001
  +1.14918416366876385837e+001
  +9.85090650165063763666e+000
  +7.23606128625822186962e+000
  +3.90582271823037796565e+000
  +1.89434904290203931509e-001
  -8.17707785818412191681e-001
  -8.38476809467277095500e-001
  -8.47931779428213294736e-001
  -8.52611650744257487666e-001
  -8.54093991907592609003e-001
  -8.52755393488766610943e-001
  -8.48257973650522467679e-001
  -8.39118683327143566331e-001
  -8.19349820217120328181e-001
  +5.89689283707172694582e-011
</dep>
<dep _net2.Vt time>
  +0.00000000000000000000e+000
  +3.72621638247588826687e+000
  +7.08404030322928690566e+000
  +9.74150042904661006560e+000
  +1.14358669081873873807e+001
  +1.19996261627300047081e+001
  +1.13770421220090600656e+001
  +9.62966657042485074669e+000
  +6.93025382897244490721e+000
  +3.54568139563072026732e+000
  -1.89434904046061919347e-001
  -8.20886856495867567318e-001
  -8.39737962294310746891e-001
  -8.48573163921288342593e-001
  -8.52891435569957057083e-001
  -8.54087070443541485076e-001
  -8.52460118713695425008e-001
  -8.47594293575732793400e-001
  -8.37811175705933885993e-001
  -8.15946583914547107774e-001
  +3.78822597150011042277e-001
  +4.08445564083325329818e+000
  +7.38627889088682820784e+000
  +9.95785752162073123372e+000
  +1.15449523571285102008e+001
  +1.19906552328130704410e+001
  +1.12509017244104896349e+001
  +9.39882757823027326083e+000
  +6.61753814404953732975e+000
  +3.18200566080218294474e+000
  -5.67942112946331456591e-001
  -8.23691012042329084863e-001
  -8.40912932587006278773e-001
  -8.49171601598974645775e-001
  -8.53140744151104080117e-001
  -8.54052444002081467822e-001
  -8.52133302616511101313e-001
  -8.46884206216563462100e-001
  -8.36403426398466876002e-001
  -8.11993308592774187815e-001
  +7.57267575712644580577e-001
  +4.43862342499878970159e+000
  +7.68115467510364080539e+000
  +1.01642884052756556912e+001
  +1.16425295464763944864e+001
  +1.19697317570098569206e+001
  +1.11135461832842974417e+001
  +9.15861963032168446830e+000
  +6.29822595317051980857e+000
  +2.81515803353797045006e+000
  -7.49703633920857370754e-001
  -8.26193623620645301031e-001
  -8.42009317001881307796e-001
  -8.49729081529693064390e-001
  -8.53360175929353426127e-001
  -8.53990035918129275494e-001
  -8.51774113902661111908e-001
  -8.46125030789013243826e-001
  -8.34883750512669942090e-001
  -8.07292657578741135183e-001
  +1.13495769357477094275e+000
  +4.78836669271576909068e+000
  +7.96837371725715470916e+000
  +1.03605873051098971160e+001
  +1.17285012092585017029e+001
  +1.19368765921887813874e+001
  +1.09651124177129020154e+001
  +8.90928217109819087227e+000
  +5.97263555377868549101e+000
  +2.44550419543911745635e+000
  -7.76177649959628013221e-001
  -8.28448006291416461089e-001
  -8.43033605372683680912e-001
  -8.50247374921761056576e-001
  -8.53550248921818299763e-001
  -8.53899707491472148568e-001
  -8.51381614096497485455e-001
  -8.45313732292929498335e-001
  -8.33238017486540472056e-001
  -8.01515636697044064896e-001
  +1.51151646071056755538e+000
  +5.13333681259146068498e+000
  +8.24764971122163892403e+000
  +1.05465585464137934224e+001
  +1.18027816467539423684e+001
  +1.18921224893954828872e+001
  +1.08057483894041990169e+001
  +8.65106374586456539078e+000
  +5.64109150116224622451e+000
  +2.07341262578857143950e+000
  -7.89323652056149849265e-001
  -8.30494107450943652715e-001
  -8.43991381018703301642e-001
  -8.50728060757641513234e-001
  -8.53711404702035991932e-001
  -8.53781256765016038912e-001
  -8.50954747104715747419e-001
  -8.44446862742893378240e-001
  -8.31448926733883375562e-001
  -7.94051249467922715120e-001
  +1.88656851551097637376e+000
  +5.47318991054959269604e+000
  +8.51870426861190033208e+000
  +1.07220167486509900812e+001
  +1.18652968149659052699e+001
  +1.18355140601341872753e+001
  +1.06356129562460388627e+001
  +8.38422175200385844107e+000
  +5.30392428600172927133e+000
  +1.69925423319628476904e+000
  -7.98051715468544919929e-001
  -8.32362622139914742903e-001
  -8.44887477393554298111e-001
  -8.51172547419825953341e-001
  -8.53844012553974018864e-001
  -8.53634416732365175484e-001
  -8.50492326991181379903e-001
  -8.43520489210546342562e-001
  -8.29494993140690084488e-001
  -7.83555523283750110508e-001
  +2.25973999777870293570e+000
  +5.80758721378291831172e+000
  +8.78126719647760545229e+000
  +1.08867870114215108401e+001
  +1.19159843974226067331e+001
  +1.17671077330702260610e+001
  +1.04548757129457534631e+001
  +8.10902218357074744404e+000
  +4.96147000391728631996e+000
  +1.32340198703648392886e+000
  -8.04567411545134558715e-001
  -8.34077637950722983184e-001
  -8.45726101973813593204e-001
  -8.51582091001273022712e-001
  -8.53948372869591798562e-001
  -8.53458852936119560795e-001
  -8.49993023622908072667e-001
  -8.42530105006979779247e-001
  -8.27349090903638062500e-001
  -7.65988204553974649791e-001
  +2.63065892223133523942e+000
  +6.13619538777330930657e+000
  +9.03507676606959897470e+000
  +1.10407050881302453149e+001
  +1.19547938673270586207e+001
  +1.16869716971042389986e+001
  +1.02637168220056498313e+001
  +7.82573936546616621968e+000
  +4.61407002047253644861e+000
  +9.46230544990099731173e-001
  -8.09752782558214700970e-001
  -8.35658397770475236399e-001
  -8.46510935265306518893e-001
  -8.51957810865015652269e-001
  -8.54024719868863413375e-001
  -8.53254160418724927339e-001
  -8.49455345798295624604e-001
  -8.41470519065749877896e-001
  -8.24976303254742360238e-001
  -7.11839159460273540603e-001
  +2.99895554851735068880e+000
  +6.45868686859187057792e+000
  +9.27987997466720671014e+000
  +1.11836175497362475539e+001
  +1.19816865387335909077e+001
  +1.15951858334249440219e+001
  +1.00623268349433665492e+001
  +7.53465568000925944858e+000
  +4.26207063170398381402e+000
  +5.68115879596565176435e-001
  -8.14048906348827649992e-001
  -8.37120511222516960892e-001
  -8.47245210665162007402e-001
  -8.52300702885624095195e-001
  -8.54073223693300520587e-001
  -8.53019859952792947055e-001
  -8.48877621358070988400e-001
  -8.40335716818852107579e-001
  -8.22330639559467058142e-001
  -3.78822481742429995055e-001
  +3.36426275068304825311e+000
  +6.77474019022739426532e+000
  +9.51543279708115719018e+000
  +1.13153819385000868891e+001
  +1.19966356044154078830e+001
  +1.14918416366876385837e+001
  +9.85090650165063763666e+000
  +7.23606128625822186962e+000
  +3.90582271823037796565e+000
  +1.89434904290203931509e-001
  -8.17707785818412191681e-001
  -8.38476809467277095500e-001
  -8.47931779428213294736e-001
  -8.52611650744257487666e-001
  -8.54093991907592609003e-001
  -8.52755393488766610943e-001
  -8.48257973650522467679e-001
  -8.39118683327143566331e-001
  -8.19349820217120328181e-001
  +5.89689283707172694582e-011
</dep>
<dep _net0.Vt time>
  +0.00000000000000000000e+000
  +3.72621638249002584686e+000
  +7.08404030323834099647e+000
  +9.74150042905224822221e+000
  +1.14358669081900714559e+001
  +1.19996261627298750341e+001
  +1.13770421220061148659e+001
  +9.62966657041893547841e+000
  +6.93025382896306307856e+000
  +3.54568139561604045440e+000
  -1.89434904163638923036e-001
  -3.90582271812253667420e+000
  -7.23606128615537169679e+000
  -9.85090650155114921915e+000
  -1.14918416365911539856e+001
  -1.19966356043217352578e+001
  -1.13153819384092440004e+001
  -9.51543279699334298982e+000
  -6.77474019014301731545e+000
  -3.36426275060417179219e+000
  +3.78822597177717046435e-001
  +4.08445564084934531479e+000
  +7.38627889089814360091e+000
  +9.95785752162870529958e+000
  +1.15449523571335532779e+001
  +1.19906552328153068743e+001
  +1.12509017244099016608e+001
  +9.39882757822668679637e+000
  +6.61753814403729379023e+000
  +3.18200566078414803783e+000
  -5.68115879658692590759e-001
  -4.26207063160113808209e+000
  -7.53465568009029862395e+000
  -1.00623268348485286339e+001
  -1.15951858335122608423e+001
  -1.19816865386445456920e+001
  -1.11836175498292185182e+001
  -9.27987997458406788098e+000
  -6.45868686869146202412e+000
  -2.99895554844369804925e+000
  +7.57267575752065269512e-001
  +4.43862342499854456435e+000
  +7.68115467512527327898e+000
  +1.01642884052675785966e+001
  +1.16425295464918328037e+001
  +1.19697317569960652861e+001
  +1.11135461832940993787e+001
  +9.15861963030203085623e+000
  +6.29822595317363198575e+000
  +2.81515803350843762942e+000
  -9.46230544889726354896e-001
  -4.61407002038413871503e+000
  -7.82573936538223069448e+000
  -1.02637168219249481638e+001
  -1.16869716970264505562e+001
  -1.19547938672520785985e+001
  -1.10407050880580968055e+001
  -9.03507676600051645721e+000
  -6.13619538770792605220e+000
  -2.63065892217228203265e+000
  +1.13495769353813269475e+000
  +4.78836669278810589390e+000
  +7.96837371732517052436e+000
  +1.03605873051746879554e+001
  +1.17285012092004858886e+001
  +1.19368765922478807795e+001
  +1.09651124176492427154e+001
  +8.90928217115138565418e+000
  +5.97263555370819876345e+000
  +2.44550419548180553164e+000
  -1.32340198693529975671e+000
  -4.96147000382558900355e+000
  -8.10902218348330627862e+000
  -1.04548757128615044110e+001
  -1.17671077329888493779e+001
  -1.19159843973440384701e+001
  -1.08867870113457740899e+001
  -8.78126719640493291763e+000
  -5.80758721371406139156e+000
  -2.25973999787663037964e+000
  +1.51151646081257373666e+000
  +5.13333681252246343263e+000
  +8.24764971131018498340e+000
  +1.05465585463374971198e+001
  +1.18027816468364328273e+001
  +1.18921224893135129008e+001
  +1.08057483894810353320e+001
  +8.65106374577663395087e+000
  +5.64109150123206504190e+000
  +2.07341262568924644683e+000
  -1.69925423309938872229e+000
  -5.30392428606690291559e+000
  -8.38422175191965557417e+000
  -1.06356129563184804709e+001
  -1.18355140600560275743e+001
  -1.18652968150440383255e+001
  -1.07220167485785005113e+001
  -8.51870426869602681563e+000
  -5.47318991048421477075e+000
  -1.88656851560705574045e+000
  +1.88656851560702665260e+000
  +5.47318991048418901357e+000
  +8.51870426869600727571e+000
  +1.07220167485784880768e+001
  +1.18652968150440276673e+001
  +1.18355140600560240216e+001
  +1.06356129563184929054e+001
  +8.38422175191967689045e+000
  +5.30392428606696775262e+000
  +1.69925423309937539962e+000
  -2.07341262568921758103e+000
  -5.64109150123203839655e+000
  -8.65106374577658421288e+000
  -1.08057483894810388847e+001
  -1.18921224893135093481e+001
  -1.18027816468364381564e+001
  -1.05465585463375326469e+001
  -8.24764971131017432526e+000
  -5.13333681252249007798e+000
  -1.51151646081260304655e+000
  +2.25973999787660151384e+000
  +5.80758721371403474620e+000
  +8.78126719640494179941e+000
  +1.08867870113457811954e+001
  +1.19159843973440331411e+001
  +1.17671077329888547069e+001
  +1.04548757128614990819e+001
  +8.10902218348329562048e+000
  +4.96147000382561653709e+000
  +1.32340198693532906660e+000
  -2.44550419548186059870e+000
  -5.97263555370821030976e+000
  -8.90928217115139275961e+000
  -1.09651124176492302809e+001
  -1.19368765922478878849e+001
  -1.17285012092004841122e+001
  -1.03605873051746826263e+001
  -7.96837371732519272882e+000
  -4.78836669278805437955e+000
  -1.13495769353811959412e+000
  +2.63065892217229491123e+000
  +6.13619538770790029503e+000
  +9.03507676600049691729e+000
  +1.10407050880581021346e+001
  +1.19547938672520803749e+001
  +1.16869716970264576617e+001
  +1.02637168219249641510e+001
  +7.82573936538222003634e+000
  +4.61407002038412628053e+000
  +9.46230544889734348502e-001
  -2.81515803350838833552e+000
  -6.29822595317364264389e+000
  -9.15861963030202730351e+000
  -1.11135461832940887206e+001
  -1.19697317569960635097e+001
  -1.16425295464918274746e+001
  -1.01642884052675821493e+001
  -7.68115467512529548344e+000
  -4.43862342499859252598e+000
  -7.57267575752051946836e-001
  +2.99895554844362832725e+000
  +6.45868686869145491869e+000
  +9.27987997458399505035e+000
  +1.11836175498292007546e+001
  +1.19816865386445421393e+001
  +1.15951858335122643950e+001
  +1.00623268348485908064e+001
  +7.53465568009033859198e+000
  +4.26207063160120558365e+000
  +5.68115879658700584365e-001
  -3.18200566078403745962e+000
  -6.61753814403725115767e+000
  -9.39882757822664416381e+000
  -1.12509017244098998844e+001
  -1.19906552328153033216e+001
  -1.15449523571335657124e+001
  -9.95785752162874615578e+000
  -7.38627889089815070633e+000
  -4.08445564084945367256e+000
  -3.78822597177767728116e-001
  +3.36426275060411317241e+000
  +6.77474019014301820363e+000
  +9.51543279699328081733e+000
  +1.13153819384092315659e+001
  +1.19966356043217334815e+001
  +1.14918416365911539856e+001
  +9.85090650155120783893e+000
  +7.23606128615540367122e+000
  +3.90582271812259484989e+000
  +1.89434904163636286256e-001
  -3.54568139561594630749e+000
  -6.93025382896303554503e+000
  -9.62966657041890172763e+000
  -1.13770421220061166423e+001
  -1.19996261627298750341e+001
  -1.14358669081900821141e+001
  -9.74150042905228019663e+000
  -7.08404030323833122651e+000
  -3.72621638249011510879e+000
  -2.93905524917370541971e-014
</dep>
