<Qucs Dataset 0.0.19>
<indep time 200>
  +0.00000000000000000000e+000
  +2.01005025125628150606e-001
  +4.02010050251256301213e-001
  +6.03015075376884368552e-001
  +8.04020100502512602425e-001
  +1.00502512562814061425e+000
  +1.20603015075376873710e+000
  +1.40703517587939708200e+000
  +1.60804020100502520485e+000
  +1.80904522613065332770e+000
  +2.01005025125628122851e+000
  +2.21105527638190935136e+000
  +2.41206030150753747421e+000
  +2.61306532663316604115e+000
  +2.81407035175879416400e+000
  +3.01507537688442228685e+000
  +3.21608040201005040970e+000
  +3.41708542713567853255e+000
  +3.61809045226130665540e+000
  +3.81909547738693477825e+000
  +4.02010050251256245701e+000
  +4.22110552763819057986e+000
  +4.42211055276381870272e+000
  +4.62311557788944682557e+000
  +4.82412060301507494842e+000
  +5.02512562814070395945e+000
  +5.22613065326633208230e+000
  +5.42713567839196020515e+000
  +5.62814070351758832800e+000
  +5.82914572864321645085e+000
  +6.03015075376884457370e+000
  +6.23115577889447269655e+000
  +6.43216080402010081940e+000
  +6.63316582914572894225e+000
  +6.83417085427135706510e+000
  +7.03517587939698518795e+000
  +7.23618090452261331080e+000
  +7.43718592964824143365e+000
  +7.63819095477386955650e+000
  +7.83919597989949767936e+000
  +8.04020100502512491403e+000
  +8.24120603015075303688e+000
  +8.44221105527638115973e+000
  +8.64321608040200928258e+000
  +8.84422110552763740543e+000
  +9.04522613065326552828e+000
  +9.24623115577889365113e+000
  +9.44723618090452177398e+000
  +9.64824120603014989683e+000
  +9.84924623115577801968e+000
  +1.00502512562814079189e+001
  +1.02512562814070360417e+001
  +1.04522613065326641646e+001
  +1.06532663316582922874e+001
  +1.08542713567839204103e+001
  +1.10552763819095485331e+001
  +1.12562814070351766560e+001
  +1.14572864321608047788e+001
  +1.16582914572864329017e+001
  +1.18592964824120610245e+001
  +1.20603015075376891474e+001
  +1.22613065326633172702e+001
  +1.24623115577889453931e+001
  +1.26633165829145735159e+001
  +1.28643216080402016388e+001
  +1.30653266331658297617e+001
  +1.32663316582914578845e+001
  +1.34673366834170860074e+001
  +1.36683417085427141302e+001
  +1.38693467336683422531e+001
  +1.40703517587939703759e+001
  +1.42713567839195984988e+001
  +1.44723618090452266216e+001
  +1.46733668341708547445e+001
  +1.48743718592964828673e+001
  +1.50753768844221109902e+001
  +1.52763819095477391130e+001
  +1.54773869346733672359e+001
  +1.56783919597989953587e+001
  +1.58793969849246234816e+001
  +1.60804020100502498281e+001
  +1.62814070351758779509e+001
  +1.64824120603015060738e+001
  +1.66834170854271341966e+001
  +1.68844221105527623195e+001
  +1.70854271356783904423e+001
  +1.72864321608040185652e+001
  +1.74874371859296466880e+001
  +1.76884422110552748109e+001
  +1.78894472361809029337e+001
  +1.80904522613065310566e+001
  +1.82914572864321591794e+001
  +1.84924623115577873023e+001
  +1.86934673366834154251e+001
  +1.88944723618090435480e+001
  +1.90954773869346716708e+001
  +1.92964824120602997937e+001
  +1.94974874371859279165e+001
  +1.96984924623115560394e+001
  +1.98994974874371841622e+001
  +2.01005025125628158378e+001
  +2.03015075376884439606e+001
  +2.05025125628140720835e+001
  +2.07035175879397002063e+001
  +2.09045226130653283292e+001
  +2.11055276381909564520e+001
  +2.13065326633165845749e+001
  +2.15075376884422126977e+001
  +2.17085427135678408206e+001
  +2.19095477386934689434e+001
  +2.21105527638190970663e+001
  +2.23115577889447251891e+001
  +2.25125628140703533120e+001
  +2.27135678391959814348e+001
  +2.29145728643216095577e+001
  +2.31155778894472376805e+001
  +2.33165829145728658034e+001
  +2.35175879396984939262e+001
  +2.37185929648241220491e+001
  +2.39195979899497501719e+001
  +2.41206030150753782948e+001
  +2.43216080402010064176e+001
  +2.45226130653266345405e+001
  +2.47236180904522626633e+001
  +2.49246231155778907862e+001
  +2.51256281407035189090e+001
  +2.53266331658291470319e+001
  +2.55276381909547751548e+001
  +2.57286432160804032776e+001
  +2.59296482412060314005e+001
  +2.61306532663316595233e+001
  +2.63316582914572876462e+001
  +2.65326633165829157690e+001
  +2.67336683417085438919e+001
  +2.69346733668341720147e+001
  +2.71356783919598001376e+001
  +2.73366834170854282604e+001
  +2.75376884422110563833e+001
  +2.77386934673366845061e+001
  +2.79396984924623126290e+001
  +2.81407035175879407518e+001
  +2.83417085427135688747e+001
  +2.85427135678391969975e+001
  +2.87437185929648251204e+001
  +2.89447236180904532432e+001
  +2.91457286432160813661e+001
  +2.93467336683417094889e+001
  +2.95477386934673376118e+001
  +2.97487437185929657346e+001
  +2.99497487437185938575e+001
  +3.01507537688442219803e+001
  +3.03517587939698501032e+001
  +3.05527638190954782260e+001
  +3.07537688442211063489e+001
  +3.09547738693467344717e+001
  +3.11557788944723625946e+001
  +3.13567839195979907174e+001
  +3.15577889447236188403e+001
  +3.17587939698492469631e+001
  +3.19597989949748750860e+001
  +3.21608040201004996561e+001
  +3.23618090452261313317e+001
  +3.25628140703517559018e+001
  +3.27638190954773875774e+001
  +3.29648241206030121475e+001
  +3.31658291457286438231e+001
  +3.33668341708542683932e+001
  +3.35678391959799000688e+001
  +3.37688442211055246389e+001
  +3.39698492462311563145e+001
  +3.41708542713567808846e+001
  +3.43718592964824125602e+001
  +3.45728643216080371303e+001
  +3.47738693467336688059e+001
  +3.49748743718592933760e+001
  +3.51758793969849250516e+001
  +3.53768844221105496217e+001
  +3.55778894472361812973e+001
  +3.57788944723618058674e+001
  +3.59798994974874375430e+001
  +3.61809045226130621131e+001
  +3.63819095477386937887e+001
  +3.65829145728643183588e+001
  +3.67839195979899500344e+001
  +3.69849246231155746045e+001
  +3.71859296482412062801e+001
  +3.73869346733668308502e+001
  +3.75879396984924625258e+001
  +3.77889447236180870959e+001
  +3.79899497487437187715e+001
  +3.81909547738693433416e+001
  +3.83919597989949750172e+001
  +3.85929648241205995873e+001
  +3.87939698492462312629e+001
  +3.89949748743718558330e+001
  +3.91959798994974875086e+001
  +3.93969849246231120787e+001
  +3.95979899497487437543e+001
  +3.97989949748743683244e+001
  +4.00000000000000000000e+001
</indep>
<dep VR1.Vt time>
  +8.79999964453759275784e-007
  +8.80000051495244406397e-007
  +8.79999928926622487779e-007
  +8.79999976888257151586e-007
  +8.79999920044838290778e-007
  +2.14968083083973056091e+001
  +1.94411516354899944758e+001
  +1.75820617124828046940e+001
  +1.59007563783846741501e+001
  +1.43802278490700636837e+001
  +1.30051016530303460428e+001
  +1.17615358597829917642e+001
  +1.06369142977979525000e+001
  +9.61980005802230131451e+000
  +8.69991982829411369949e+000
  +7.86800189239354530457e+000
  +7.11554288957255298698e+000
  +6.43502465044022109453e+000
  +5.81959000538060422514e+000
  +5.26301447138377032076e+000
  +4.75966886429034730099e+000
  +4.30446236543319749046e+000
  +3.89279103328759745750e+000
  +3.52049123937864827383e+000
  +3.18379755749840320789e+000
  +2.87930468032587327798e+000
  +2.60393297827598857452e+000
  +2.35489735224101970346e+000
  +2.12967906520224126155e+000
  +1.92600026781780186980e+000
  +1.74180096033959763702e+000
  +1.57521815785275443034e+000
  +1.42456704811579548675e+000
  +1.28832395143257016912e+000
  +1.16511091021273216484e+000
  +1.05368175236013428275e+000
  +9.52909487534812527088e-001
  +8.61774908814775031374e-001
  +7.79356284475275273849e-001
  +7.04820035628580754405e-001
  +6.37412305438235904376e-001
  +5.76451334639179080455e-001
  +5.21320566250016881327e-001
  +4.71462409738720111818e-001
  +4.26372601572843734630e-001
  +3.85595105116976810677e-001
  +3.48717498295252781304e-001
  +3.15366802369872800682e-001
  +2.85205709648101546350e-001
  +2.57929171964846659648e-001
  +2.33261315436932292755e-001
  +2.10952650284918163948e-001
  +1.90777547502827715675e-001
  +1.72531956854783175004e-001
  +1.56031343118547383142e-001
  +1.41108819703196886053e-001
  +1.27613460764351316357e-001
  +1.15408774745844766585e-001
  +1.04371323909196789259e-001
  +9.43894758889651797062e-002
  +8.53622746471547344527e-002
  +7.71984194076242857818e-002
  +6.98153412434496800643e-002
  +6.31383679778867445975e-002
  +5.70999689527518228260e-002
  +5.16390720258694813083e-002
  +4.67004458897282148655e-002
  +4.22341414640658996404e-002
  +3.81949867127691078394e-002
  +3.45421297755699185927e-002
  +3.12386257938594980033e-002
  +2.82510632517762871885e-002
  +2.55492260533678461343e-002
  +2.31057879181477687780e-002
  +2.08960360040855164243e-002
  +4.01722211051946942462e-009
  +1.96989411449521867326e-008
  +3.48641790992587630171e-008
  +4.95297935998451066553e-008
  +6.37120542990032845410e-008
  +7.74272130854569695657e-008
  +9.06905039954608582775e-008
  +1.03516835991968036979e-007
  +1.15920469667685210879e-007
  +1.27915589231974990980e-007
  +1.39515472952211894153e-007
  +1.50733132642244527233e-007
  +1.61581206192806803301e-007
  +1.72071948689733744686e-007
  +1.82217021915676014032e-007
  +1.92027770573588441039e-007
  +2.01515406139662900387e-007
  +2.10690473068098071963e-007
  +2.19563198733396802709e-007
  +2.28143576919137558434e-007
  +2.36441356271654967713e-007
  +2.44465625520717821928e-007
  +2.52225641261816235783e-007
  +2.59729902474248319777e-007
  +2.66987012054187289323e-007
  +2.74005002687260912353e-007
  +2.80791785378653457883e-007
  +2.87354914085824475478e-007
  +2.93701836184823150688e-007
  +2.99839711281890686223e-007
  +3.05775267328556310531e-007
  +3.11515302442444408371e-007
  +3.17066286115164075454e-007
  +3.22434323685172330443e-007
  +3.27625492957395181293e-007
  +3.32645661682562376882e-007
  +3.37500452918249038703e-007
  +3.42195275671031140519e-007
  +3.46735417267041157174e-007
  +3.51125990949441302291e-007
  +3.55371893245859382660e-007
  +3.59477931421992025207e-007
  +3.63448694251644610631e-007
  +3.67288586211600431852e-007
  +3.71002021992694608343e-007
  +3.74593092544728278881e-007
  +3.78065869721666558689e-007
  +3.81424210438296995562e-007
  +3.84671891229260154432e-007
  +3.87812575830537298316e-007
  +3.90849832498929572466e-007
  +3.93786990127154012953e-007
  +3.96627379384284495245e-007
  +3.99374208370772976195e-007
  +4.02030511104101151432e-007
  +4.04599306946806791530e-007
  +4.07083490694404304122e-007
  +4.09485801489140044396e-007
  +4.11808969813520775460e-007
  +4.14055620678865921036e-007
  +4.16228240540661431623e-007
  +4.18329282325657914043e-007
  +4.20361077946296290975e-007
  +4.22325969307024706723e-007
  +4.24226118678205921242e-007
  +4.26063650804664462157e-007
  +4.27840646244348477012e-007
  +4.29559096071230328562e-007
  +4.31220940289023246805e-007
  +4.32828009433450233701e-007
  +4.34382157799007018184e-007
  +4.35885082028519832420e-007
  +4.37338520953289844329e-007
  +4.38744037989380331055e-007
  +4.40103275933800830444e-007
  +4.41417716601222309691e-007
  +4.42688852353434469933e-007
  +4.43918114934049867770e-007
  +4.45106876467704637435e-007
  +4.46256475550299569477e-007
  +4.47368194600450408416e-007
  +4.48443283951327487102e-007
  +4.49482952857849227257e-007
  +4.50488381043001595572e-007
  +4.51460667627578970951e-007
  +4.52400928940832613989e-007
  +4.53310213255342375760e-007
  +4.54189538312554930144e-007
  +4.55039894986519755093e-007
  +4.55862241177662497194e-007
  +4.56657482161837435797e-007
  +4.57426524658188782269e-007
  +4.58170236417032583631e-007
  +4.58889439336473969888e-007
  +4.59584958978354052306e-007
  +4.60257552126197566622e-007
  +4.60907989940917417471e-007
  +4.61536998175304802317e-007
  +4.62145281099335392128e-007
  +4.62733524497771497863e-007
  +4.63302387954112049329e-007
  +4.63852510457218869533e-007
  +4.64384502851800107237e-007
  +4.64898976093586213665e-007
  +4.65396494397918303321e-007
  +4.65877622979338212872e-007
  +4.66342899962945978132e-007
  +4.66792845654762089680e-007
  +4.67227972367201260795e-007
  +4.67648760105188188163e-007
  +4.68055682933954386726e-007
  +4.68449200319298597606e-007
  +4.68829755573274553626e-007
  +4.69197770414098158653e-007
  +4.69553661286425949584e-007
  +4.69897827870546791473e-007
  +4.70230652555025940842e-007
  +4.70552512593647165318e-007
  +4.70863771001583941711e-007
  +4.71164771004284332889e-007
  +4.71455857825597846045e-007
  +4.71737351181999997607e-007
  +4.72009571483855694396e-007
  +4.72272825097208581724e-007
  +4.72527403455602623694e-007
</dep>
<dep VR2.Vt time>
  -1.19999985600001742279e-006
  -1.19999984056283920622e-006
  -1.19999982512565569570e-006
  -1.19999980968847387924e-006
  -1.19999979425129058048e-006
  -1.13961686025365378494e-006
  -8.92938089106228470110e-007
  -6.69847325116257671212e-007
  -4.68090709235275665574e-007
  -2.85627307613130697516e-007
  -1.20612183890179505676e-007
  +2.86156933921578524801e-008
  +1.63570264635813959103e-007
  +2.85623958762448869453e-007
  +3.96009573083557520513e-007
  +4.95839713412008938291e-007
  +5.86134782915119629942e-007
  +6.67796961811538109346e-007
  +7.41649110356434297794e-007
  +8.08438166421367573564e-007
  +8.68839632024402415395e-007
  +9.23464405332287719698e-007
  +9.72864959261693244545e-007
  +1.01754092916965087870e-006
  +1.05794416614689179889e-006
  +1.09448330702289823481e-006
  +1.12752790730353268506e-006
  +1.15741217884161622304e-006
  +1.18443837004312657676e-006
  +1.20887982279628513765e-006
  +1.23098373704120003216e-006
  +1.25097367094082888559e-006
  +1.26905180193988831859e-006
  +1.28540097157997493118e-006
  +1.30018653475208809581e-006
  +1.31355803208982024629e-006
  +1.32565070241773819443e-006
  +1.33658685055180489542e-006
  +1.34647708428571695260e-006
  +1.35542143307399839329e-006
  +1.36351035972616848288e-006
  +1.37082567534421760124e-006
  +1.37744136675703406542e-006
  +1.38342434482043226564e-006
  +1.38883512115104436833e-006
  +1.39372842013855242128e-006
  +1.39815373242612183579e-006
  +1.40215581545691732830e-006
  +1.40577514614921035953e-006
  +1.40904833027841905297e-006
  +1.41200847270655149250e-006
  +1.41468551220354852490e-006
  +1.41710652424687781652e-006
  +1.41929599486190661796e-006
  +1.42127606827264599196e-006
  +1.42306677086760391629e-006
  +1.42468621374593232029e-006
  +1.42615077589240537976e-006
  +1.42747526983386397920e-006
  +1.42867309145255327604e-006
  +1.42975635547157884235e-006
  +1.43073601798276300528e-006
  +1.43162198725614764580e-006
  +1.43242322395186672412e-006
  +1.43314783174793015728e-006
  +1.43380313930051902366e-006
  +1.43439577436573982957e-006
  +1.43493173083250434783e-006
  +1.43541642934449617597e-006
  +1.43585477212435897724e-006
  +1.43625119255459386532e-006
  +1.43660970001662277816e-006
  +1.43693392044152542198e-006
  +1.43722713298256619779e-006
  +1.43749230318043340263e-006
  +1.18995692338184397840e+001
  +1.15075245445126128629e+001
  +1.11283947598771888465e+001
  +1.07617558816072982353e+001
  +1.04071963811231338326e+001
  +1.00643182881702131226e+001
  +9.73273674412332745476e+000
  +9.41207957000747441612e+000
  +9.10198684875086883039e+000
  +8.80211052120117010134e+000
  +8.51211399545144153933e+000
  +8.23167176903737285443e+000
  +7.96046906358166861395e+000
  +7.69820147147556266276e+000
  +7.44457461420083799197e+000
  +7.19930381190883750264e+000
  +6.96211376388565827966e+000
  +6.73273823954476835496e+000
  +6.51091977960028955863e+000
  +6.29640940708549301519e+000
  +6.08896634789216406602e+000
  +5.88835776051712400658e+000
  +5.69435847471261169517e+000
  +5.50675073874714815503e+000
  +5.32532397499321330514e+000
  +5.14987454356739071670e+000
  +4.98020551375769393587e+000
  +4.81612644298147607458e+000
  +4.65745316302588818758e+000
  +4.50400757333088552770e+000
  +4.35561744108280546328e+000
  +4.21211620789408947019e+000
  +4.07334280285219918483e+000
  +3.93914146172787038580e+000
  +3.80936155213977700740e+000
  +3.68385740447935905451e+000
  +3.56248814840605421139e+000
  +3.44511755472938485667e+000
  +3.33161388250045398252e+000
  +3.22184973114118600179e+000
  +3.11570189744537984211e+000
  +3.01305123729101209662e+000
  +2.91378253190862857025e+000
  +2.81778435855567055413e+000
  +2.72494896545161058299e+000
  +2.63517215083350686555e+000
  +2.54835314599621076681e+000
  +2.46439450218598254949e+000
  +2.38320198122051962741e+000
  +2.30468444971265506993e+000
  +2.22875377677898667272e+000
  +2.15532473511862754378e+000
  +2.08431490535103147721e+000
  +2.01564458350553854515e+000
  +1.94923669155878731551e+000
  +1.88501669091959289659e+000
  +1.82291249876416006082e+000
  +1.76285440712775520744e+000
  +1.70477500466198339524e+000
  +1.64860910096989443652e+000
  +1.59429365343394224830e+000
  +1.54176769645470379544e+000
  +1.49097227302090629131e+000
  +1.44185036853397718914e+000
  +1.39434684681281484409e+000
  +1.34840838820697306311e+000
  +1.30398342974877579081e+000
  +1.26102210727720653871e+000
  +1.21947619946858099027e+000
  +1.17929907371121944770e+000
  +1.14044563376333329963e+000
  +1.10287226913539315731e+000
  +1.06653680614015367034e+000
  +1.03139846055540318481e+000
  +9.97417791846293089186e-001
  +9.64556658895872831572e-001
  +9.32778177194136803863e-001
  +9.02046677437534083488e-001
  +8.72327665492463544261e-001
  +8.43587783677828384477e-001
  +8.15794773323182842439e-001
  +7.88917438560445827278e-001
  +7.62925611308544859845e-001
  +7.37790117411684542859e-001
  +7.13482743893229964804e-001
  +6.89976207288454546074e-001
  +6.67244123020601764829e-001
  +6.45260975785899026924e-001
  +6.24002090914260509891e-001
  +6.03443606673564447718e-001
  +5.83562447486383639728e-001
  +5.64336298029141203436e-001
  +5.45743578184586519697e-001
  +5.27763418819506058277e-001
  +5.10375638360457295484e-001
  +4.93560720141254960502e-001
  +4.77299790496761633385e-001
  +4.61574597578417344934e-001
  +4.46367490867707106261e-001
  +4.31661401364592467456e-001
  +4.17439822428651852171e-001
  +4.03686791251442245176e-001
  +3.90386870939267827119e-001
  +3.77525133186262018548e-001
  +3.65087141518320890121e-001
  +3.53058935089092085224e-001
  +3.41427013009817703626e-001
  +3.30178319195458702673e-001
  +3.19300227710074435716e-001
  +3.08780528595024417182e-001
  +2.98607414164071438556e-001
  +2.88769465750014664440e-001
  +2.79255640887967782060e-001
  +2.70055260920904205424e-001
  +2.61157999013547637013e-001
  +2.52553868561166183770e-001
  +2.44233211980247388873e-001
  +2.36186689868484345212e-001
  +2.28405270521893799529e-001
  +2.20880219797311705410e-001
  +2.13603091308876086307e-001
  +2.06565716947504224299e-001
  +1.99760197712712778140e-001
  +1.93178894846499249471e-001
  +1.86814421259325708080e-001
</dep>
<dep V1.It time>
  -2.19999991200000359657e-011
  -2.19999989913567713921e-011
  -2.19999988627136942267e-011
  -2.19999987340704748895e-011
  -2.19999986054272587836e-011
  -5.37420207709932737199e-004
  -4.86028790887249844809e-004
  -4.39551542812070187953e-004
  -3.97518909459616852971e-004
  -3.59505696226751578909e-004
  -3.25127541325758665641e-004
  -2.94038396494574795232e-004
  -2.65922857444948843725e-004
  -2.40495001450557522628e-004
  -2.17497995707352867207e-004
  -1.96700047309838647403e-004
  -1.77888572239313837858e-004
  -1.60875616261005517258e-004
  -1.45489750134515134642e-004
  -1.31575361784594266562e-004
  -1.18991721607258701282e-004
  -1.07611559135829945241e-004
  -9.73197758321899225164e-005
  -8.80122809844662007525e-005
  -7.95949389374600737137e-005
  -7.19826170081468483643e-005
  -6.50983244568997077928e-005
  -5.88724338060254929876e-005
  -5.32419766300560427059e-005
  -4.81500066954450455414e-005
  -4.35450240084899362308e-005
  -3.93804539463188610512e-005
  -3.56141762028948938583e-005
  -3.22080987858142529161e-005
  -2.91277727553182857437e-005
  -2.63420438090033368322e-005
  -2.38227371883702978195e-005
  -2.15443727203693716590e-005
  -1.94839071118818620812e-005
  -1.76205008907145092975e-005
  -1.59353076359558931804e-005
  -1.44112833659794691888e-005
  -1.30330141562504097112e-005
  -1.17865602434680219506e-005
  -1.06593150393210726873e-005
  -9.63987762792441540971e-006
  -8.71793745738130609934e-006
  -7.88417005924683700650e-006
  -7.13014274120254385884e-006
  -6.44822929912115284516e-006
  -5.83153288592329021559e-006
  -5.27381625712293265724e-006
  -4.76943868757070355501e-006
  -4.31329892136957621194e-006
  -3.90078357796367957360e-006
  -3.52772049257994093106e-006
  -3.19033651910876939772e-006
  -2.88521936864613312440e-006
  -2.60928309772991935336e-006
  -2.35973689722413587590e-006
  -2.13405686617888324673e-006
  -1.92996048519059751819e-006
  -1.74538353108623126258e-006
  -1.57845919944716745349e-006
  -1.42749922381879173529e-006
  -1.29097680064674366464e-006
  -1.16751114724318838219e-006
  -1.05585353660164129242e-006
  -9.54874667819239958652e-007
  -8.63553244389261285259e-007
  -7.80965644846470423703e-007
  -7.06276581294420692429e-007
  -6.38730651334196460661e-007
  -5.77644697953696862870e-007
  -5.22400900102120887787e-007
  -1.00430762164309903107e-013
  -4.92475435788435307046e-013
  -8.71605205258599517613e-013
  -1.23824406886294055575e-012
  -1.59280355516476314049e-012
  -1.93568163440259778451e-012
  -2.26726316518616925892e-012
  -2.58792032647571477879e-012
  -2.89801303532860992092e-012
  -3.19788935088325627535e-012
  -3.48788586503312069788e-012
  -3.76832808022945245133e-012
  -4.03953077483714103944e-012
  -4.30179835645249260936e-012
  -4.55542520358216921936e-012
  -4.80069599606336349941e-012
  -5.03788603459893803349e-012
  -5.26726154976476082051e-012
  -5.48908000083652746320e-012
  -5.70359036477092555998e-012
  -5.91103341566650923947e-012
  -6.11164199501722144991e-012
  -6.30564127306173862277e-012
  -6.49324900152292094573e-012
  -6.67467575801976802958e-012
  -6.85012518242759768460e-012
  -7.01979420545052925614e-012
  -7.18387326966358123543e-012
  -7.34254654327225298593e-012
  -7.49599212682942853438e-012
  -7.64438225314191173937e-012
  -7.78788348059057945328e-012
  -7.92665688008153234999e-012
  -8.06085821583780122523e-012
  -8.19063812023471472971e-012
  -8.31614226287496872449e-012
  -8.43751151409350339677e-012
  -8.55488210307533109339e-012
  -8.66838577076413285459e-012
  -8.77814991773283710987e-012
  -8.88429774718271848918e-012
  -8.98694840323106004182e-012
  -9.08621710464267879204e-012
  -9.18221527415572902467e-012
  -9.27505066354636865569e-012
  -9.36482747457339729919e-012
  -9.45164647593793557755e-012
  -9.53560511638981602610e-012
  -9.61679763410759319299e-012
  -9.69531516247475237668e-012
  -9.77124583237117446385e-012
  -9.84467487109437776170e-012
  -9.91568469802158582179e-012
  -9.98435501712026297949e-012
  -1.00507629064106993625e-011
  -1.01149829044810961140e-011
  -1.01770870941523526305e-011
  -1.02371451833864359673e-011
  -1.02952245835290395500e-011
  -1.03513904849744902207e-011
  -1.04057059303378172592e-011
  -1.04582318852160196667e-011
  -1.05090273066180105176e-011
  -1.05581492091400482413e-011
  -1.06056527289610720061e-011
  -1.06515911857293760084e-011
  -1.06960161424105808189e-011
  -1.07389774631637014686e-011
  -1.07805233693104834436e-011
  -1.08207004934607705330e-011
  -1.08595539318545084344e-011
  -1.08971272949795178383e-011
  -1.09334627565213305076e-011
  -1.09686011007005546919e-011
  -1.10025817680504331684e-011
  -1.10354428996864090213e-011
  -1.10672213801170101100e-011
  -1.10979528786443485868e-011
  -1.11276718894006625932e-011
  -1.11564117700656971336e-011
  -1.11842047793086241438e-011
  -1.12110821129962695267e-011
  -1.12370739392084988942e-011
  -1.12622094320999351539e-011
  -1.12865168046461018712e-011
  -1.13100233403106177665e-011
  -1.13327554236691839820e-011
  -1.13547385700245596350e-011
  -1.13759974540458439113e-011
  -1.13965559374641971118e-011
  -1.14164370958561313996e-011
  -1.14356632445443339276e-011
  -1.14542559636451756161e-011
  -1.14722361222910507233e-011
  -1.14896239020545856764e-011
  -1.15064388196011917881e-011
  -1.15226997485952490290e-011
  -1.15384249408845844096e-011
  -1.15536320469870118728e-011
  -1.15683381359018831143e-011
  -1.15825597142689589707e-011
  -1.15963127448960482981e-011
  -1.16096126646762279464e-011
  -1.16224744019147627393e-011
  -1.16349123930851835893e-011
  -1.16469405990332855613e-011
  -1.16585725206472826340e-011
  -1.16698212140116935130e-011
  -1.16806993050619528603e-011
  -1.16912190037562140009e-011
  -1.17013921177802437172e-011
  -1.17112300658007830575e-011
  -1.17207438902822763345e-011
  -1.17299442698813244215e-011
  -1.17388415314327919373e-011
  -1.17474456615410067755e-011
  -1.17557663177891010734e-011
  -1.17638128395790014980e-011
  -1.17715942586143360005e-011
  -1.17791193090379167335e-011
  -1.17863964372352665658e-011
  -1.17934338113151428790e-011
  -1.18002393302777150550e-011
  -1.18068206328806740228e-011
  -1.18131851062132694998e-011
</dep>
<dep I.It time>
  +2.19999991200000359657e-011
  +2.19999989913567681609e-011
  +2.19999988627136942267e-011
  +2.19999987340704781207e-011
  +2.19999986054272587836e-011
  +5.37420207709932737199e-004
  +4.86028790887249844809e-004
  +4.39551542812070187953e-004
  +3.97518909459616852971e-004
  +3.59505696226751578909e-004
  +3.25127541325758665641e-004
  +2.94038396494574795232e-004
  +2.65922857444948843725e-004
  +2.40495001450557522628e-004
  +2.17497995707352867207e-004
  +1.96700047309838647403e-004
  +1.77888572239313837858e-004
  +1.60875616261005517258e-004
  +1.45489750134515134642e-004
  +1.31575361784594266562e-004
  +1.18991721607258701282e-004
  +1.07611559135829945241e-004
  +9.73197758321899225164e-005
  +8.80122809844662007525e-005
  +7.95949389374600737137e-005
  +7.19826170081468483643e-005
  +6.50983244568997077928e-005
  +5.88724338060254929876e-005
  +5.32419766300560427059e-005
  +4.81500066954450455414e-005
  +4.35450240084899362308e-005
  +3.93804539463188610512e-005
  +3.56141762028948938583e-005
  +3.22080987858142529161e-005
  +2.91277727553182857437e-005
  +2.63420438090033368322e-005
  +2.38227371883702978195e-005
  +2.15443727203693716590e-005
  +1.94839071118818620812e-005
  +1.76205008907145092975e-005
  +1.59353076359558931804e-005
  +1.44112833659794691888e-005
  +1.30330141562504097112e-005
  +1.17865602434680219506e-005
  +1.06593150393210726873e-005
  +9.63987762792441540971e-006
  +8.71793745738130609934e-006
  +7.88417005924683700650e-006
  +7.13014274120254385884e-006
  +6.44822929912115284516e-006
  +5.83153288592329021559e-006
  +5.27381625712293265724e-006
  +4.76943868757070355501e-006
  +4.31329892136957621194e-006
  +3.90078357796367957360e-006
  +3.52772049257994093106e-006
  +3.19033651910876939772e-006
  +2.88521936864613312440e-006
  +2.60928309772991935336e-006
  +2.35973689722413587590e-006
  +2.13405686617888324673e-006
  +1.92996048519059751819e-006
  +1.74538353108623126258e-006
  +1.57845919944716745349e-006
  +1.42749922381879173529e-006
  +1.29097680064674366464e-006
  +1.16751114724318838219e-006
  +1.05585353660164129242e-006
  +9.54874667819239958652e-007
  +8.63553244389261285259e-007
  +7.80965644846470423703e-007
  +7.06276581294420692429e-007
  +6.38730651334196460661e-007
  +5.77644697953696862870e-007
  +5.22400900102120887787e-007
  +1.00430762164309903107e-013
  +4.92475435788435307046e-013
  +8.71605205258599517613e-013
  +1.23824406886294075770e-012
  +1.59280355516476334244e-012
  +1.93568163440259818841e-012
  +2.26726316518616925892e-012
  +2.58792032647571518269e-012
  +2.89801303532861032481e-012
  +3.19788935088325667924e-012
  +3.48788586503312110177e-012
  +3.76832808022945245133e-012
  +4.03953077483714103944e-012
  +4.30179835645249260936e-012
  +4.55542520358216921936e-012
  +4.80069599606336349941e-012
  +5.03788603459893884128e-012
  +5.26726154976476082051e-012
  +5.48908000083652827099e-012
  +5.70359036477092555998e-012
  +5.91103341566651004726e-012
  +6.11164199501722144991e-012
  +6.30564127306173943056e-012
  +6.49324900152292094573e-012
  +6.67467575801976883738e-012
  +6.85012518242759849239e-012
  +7.01979420545053006393e-012
  +7.18387326966358204322e-012
  +7.34254654327225460152e-012
  +7.49599212682942853438e-012
  +7.64438225314191173937e-012
  +7.78788348059058106887e-012
  +7.92665688008153234999e-012
  +8.06085821583780122523e-012
  +8.19063812023471472971e-012
  +8.31614226287496872449e-012
  +8.43751151409350501236e-012
  +8.55488210307533270898e-012
  +8.66838577076413447017e-012
  +8.77814991773283710987e-012
  +8.88429774718271848918e-012
  +8.98694840323106165741e-012
  +9.08621710464267879204e-012
  +9.18221527415572902467e-012
  +9.27505066354637027128e-012
  +9.36482747457339891478e-012
  +9.45164647593793557755e-012
  +9.53560511638981602610e-012
  +9.61679763410759319299e-012
  +9.69531516247475237668e-012
  +9.77124583237117607943e-012
  +9.84467487109437937728e-012
  +9.91568469802158743737e-012
  +9.98435501712026459508e-012
  +1.00507629064106993625e-011
  +1.01149829044810961140e-011
  +1.01770870941523542461e-011
  +1.02371451833864375828e-011
  +1.02952245835290395500e-011
  +1.03513904849744918363e-011
  +1.04057059303378188748e-011
  +1.04582318852160196667e-011
  +1.05090273066180121332e-011
  +1.05581492091400498569e-011
  +1.06056527289610736217e-011
  +1.06515911857293776240e-011
  +1.06960161424105824345e-011
  +1.07389774631637014686e-011
  +1.07805233693104834436e-011
  +1.08207004934607705330e-011
  +1.08595539318545084344e-011
  +1.08971272949795178383e-011
  +1.09334627565213321232e-011
  +1.09686011007005546919e-011
  +1.10025817680504347840e-011
  +1.10354428996864106369e-011
  +1.10672213801170101100e-011
  +1.10979528786443502024e-011
  +1.11276718894006625932e-011
  +1.11564117700656987492e-011
  +1.11842047793086257593e-011
  +1.12110821129962711422e-011
  +1.12370739392084988942e-011
  +1.12622094320999367695e-011
  +1.12865168046461034868e-011
  +1.13100233403106177665e-011
  +1.13327554236691855976e-011
  +1.13547385700245612506e-011
  +1.13759974540458455269e-011
  +1.13965559374641971118e-011
  +1.14164370958561330152e-011
  +1.14356632445443339276e-011
  +1.14542559636451756161e-011
  +1.14722361222910523389e-011
  +1.14896239020545856764e-011
  +1.15064388196011934036e-011
  +1.15226997485952490290e-011
  +1.15384249408845860251e-011
  +1.15536320469870134884e-011
  +1.15683381359018847299e-011
  +1.15825597142689605863e-011
  +1.15963127448960499136e-011
  +1.16096126646762295619e-011
  +1.16224744019147643549e-011
  +1.16349123930851835893e-011
  +1.16469405990332871769e-011
  +1.16585725206472842495e-011
  +1.16698212140116951286e-011
  +1.16806993050619544759e-011
  +1.16912190037562140009e-011
  +1.17013921177802453328e-011
  +1.17112300658007846731e-011
  +1.17207438902822763345e-011
  +1.17299442698813244215e-011
  +1.17388415314327919373e-011
  +1.17474456615410067755e-011
  +1.17557663177891010734e-011
  +1.17638128395790031136e-011
  +1.17715942586143376161e-011
  +1.17791193090379183491e-011
  +1.17863964372352681814e-011
  +1.17934338113151444946e-011
  +1.18002393302777150550e-011
  +1.18068206328806756384e-011
  +1.18131851062132711154e-011
</dep>
<dep Vc.Vt time>
  -1.00000000000000017764e+001
  -9.99999987135683277018e+000
  -9.99999974271362290779e+000
  -9.99999961407042370354e+000
  -9.99999948542721739386e+000
  -9.49680830839730738546e+000
  -7.44115163548999358767e+000
  -5.58206171248280647035e+000
  -3.90075637838467370599e+000
  -2.38022784907006323962e+000
  -1.00510165303034648687e+000
  +2.38464140217008846445e-001
  +1.36308570220204772205e+000
  +2.38019994197769912958e+000
  +3.30008017170588585643e+000
  +4.13199810760645469543e+000
  +4.88445711042744701302e+000
  +5.56497534955977890547e+000
  +6.18040999461939577486e+000
  +6.73698552861622967924e+000
  +7.24033113570965269901e+000
  +7.69553763456680250954e+000
  +8.10720896671240254250e+000
  +8.47950876062135172617e+000
  +8.81620244250159679211e+000
  +9.12069531967412672202e+000
  +9.39606702172401142548e+000
  +9.64510264775898029654e+000
  +9.87032093479775873845e+000
  +1.00739997321821981302e+001
  +1.02581990396604023630e+001
  +1.04247818421472455697e+001
  +1.05754329518842045132e+001
  +1.07116760485674298309e+001
  +1.08348890897872678352e+001
  +1.09463182476398657172e+001
  +1.10470905124651874729e+001
  +1.11382250911852249686e+001
  +1.12206437155247247262e+001
  +1.12951799643714192456e+001
  +1.13625876945617640956e+001
  +1.14235486653608209195e+001
  +1.14786794337499831187e+001
  +1.15285375902612798882e+001
  +1.15736273984271562654e+001
  +1.16144048948830231893e+001
  +1.16512825017047472187e+001
  +1.16846331976301271993e+001
  +1.17147942903518984537e+001
  +1.17420708280351533404e+001
  +1.17667386845630677072e+001
  +1.17890473497150818361e+001
  +1.18092224524971722843e+001
  +1.18274680431452168250e+001
  +1.18439686568814526169e+001
  +1.18588911802968031139e+001
  +1.18723865392356486836e+001
  +1.18845912252541552334e+001
  +1.18956286760908032107e+001
  +1.19056105241110348203e+001
  +1.19146377253528452655e+001
  +1.19228015805923757142e+001
  +1.19301846587565503199e+001
  +1.19368616320221132554e+001
  +1.19429000310472481772e+001
  +1.19483609279741305187e+001
  +1.19532995541102717851e+001
  +1.19577658585359341004e+001
  +1.19618050132872308922e+001
  +1.19654578702244300814e+001
  +1.19687613742061405020e+001
  +1.19717489367482237128e+001
  +1.19744507739466321539e+001
  +1.19768942120818522312e+001
  +1.19791039639959144836e+001
  +1.18995692338184397840e+001
  +1.15075245445126128629e+001
  +1.11283947598771888465e+001
  +1.07617558816072982353e+001
  +1.04071963811231338326e+001
  +1.00643182881702131226e+001
  +9.73273674412332745476e+000
  +9.41207957000747441612e+000
  +9.10198684875086883039e+000
  +8.80211052120117010134e+000
  +8.51211399545144153933e+000
  +8.23167176903737285443e+000
  +7.96046906358166861395e+000
  +7.69820147147556266276e+000
  +7.44457461420083799197e+000
  +7.19930381190883750264e+000
  +6.96211376388565827966e+000
  +6.73273823954476835496e+000
  +6.51091977960028955863e+000
  +6.29640940708549301519e+000
  +6.08896634789216406602e+000
  +5.88835776051712400658e+000
  +5.69435847471261169517e+000
  +5.50675073874714815503e+000
  +5.32532397499321330514e+000
  +5.14987454356739071670e+000
  +4.98020551375769393587e+000
  +4.81612644298147607458e+000
  +4.65745316302588818758e+000
  +4.50400757333088552770e+000
  +4.35561744108280546328e+000
  +4.21211620789408947019e+000
  +4.07334280285219918483e+000
  +3.93914146172787038580e+000
  +3.80936155213977700740e+000
  +3.68385740447935905451e+000
  +3.56248814840605421139e+000
  +3.44511755472938485667e+000
  +3.33161388250045398252e+000
  +3.22184973114118600179e+000
  +3.11570189744537984211e+000
  +3.01305123729101209662e+000
  +2.91378253190862857025e+000
  +2.81778435855567055413e+000
  +2.72494896545161058299e+000
  +2.63517215083350686555e+000
  +2.54835314599621076681e+000
  +2.46439450218598254949e+000
  +2.38320198122051962741e+000
  +2.30468444971265506993e+000
  +2.22875377677898667272e+000
  +2.15532473511862754378e+000
  +2.08431490535103147721e+000
  +2.01564458350553854515e+000
  +1.94923669155878731551e+000
  +1.88501669091959289659e+000
  +1.82291249876416006082e+000
  +1.76285440712775520744e+000
  +1.70477500466198339524e+000
  +1.64860910096989443652e+000
  +1.59429365343394224830e+000
  +1.54176769645470379544e+000
  +1.49097227302090629131e+000
  +1.44185036853397718914e+000
  +1.39434684681281484409e+000
  +1.34840838820697306311e+000
  +1.30398342974877579081e+000
  +1.26102210727720653871e+000
  +1.21947619946858099027e+000
  +1.17929907371121944770e+000
  +1.14044563376333329963e+000
  +1.10287226913539315731e+000
  +1.06653680614015367034e+000
  +1.03139846055540318481e+000
  +9.97417791846293089186e-001
  +9.64556658895872831572e-001
  +9.32778177194136803863e-001
  +9.02046677437534083488e-001
  +8.72327665492463544261e-001
  +8.43587783677828384477e-001
  +8.15794773323182842439e-001
  +7.88917438560445827278e-001
  +7.62925611308544859845e-001
  +7.37790117411684542859e-001
  +7.13482743893229964804e-001
  +6.89976207288454546074e-001
  +6.67244123020601764829e-001
  +6.45260975785899026924e-001
  +6.24002090914260509891e-001
  +6.03443606673564447718e-001
  +5.83562447486383639728e-001
  +5.64336298029141203436e-001
  +5.45743578184586519697e-001
  +5.27763418819506058277e-001
  +5.10375638360457295484e-001
  +4.93560720141254960502e-001
  +4.77299790496761633385e-001
  +4.61574597578417344934e-001
  +4.46367490867707106261e-001
  +4.31661401364592467456e-001
  +4.17439822428651852171e-001
  +4.03686791251442245176e-001
  +3.90386870939267827119e-001
  +3.77525133186262018548e-001
  +3.65087141518320890121e-001
  +3.53058935089092085224e-001
  +3.41427013009817703626e-001
  +3.30178319195458702673e-001
  +3.19300227710074435716e-001
  +3.08780528595024417182e-001
  +2.98607414164071438556e-001
  +2.88769465750014664440e-001
  +2.79255640887967782060e-001
  +2.70055260920904205424e-001
  +2.61157999013547637013e-001
  +2.52553868561166183770e-001
  +2.44233211980247388873e-001
  +2.36186689868484345212e-001
  +2.28405270521893799529e-001
  +2.20880219797311705410e-001
  +2.13603091308876086307e-001
  +2.06565716947504224299e-001
  +1.99760197712712778140e-001
  +1.93178894846499249471e-001
  +1.86814421259325708080e-001
</dep>
<dep _net2.Vt time>
  -1.19999985600001742279e-006
  -1.19999984056283920622e-006
  -1.19999982512565569570e-006
  -1.19999980968847387924e-006
  -1.19999979425129058048e-006
  -1.13961686025365378494e-006
  -8.92938089106228470110e-007
  -6.69847325116257671212e-007
  -4.68090709235275665574e-007
  -2.85627307613130697516e-007
  -1.20612183890179505676e-007
  +2.86156933921578524801e-008
  +1.63570264635813959103e-007
  +2.85623958762448869453e-007
  +3.96009573083557520513e-007
  +4.95839713412008938291e-007
  +5.86134782915119629942e-007
  +6.67796961811538109346e-007
  +7.41649110356434297794e-007
  +8.08438166421367573564e-007
  +8.68839632024402415395e-007
  +9.23464405332287719698e-007
  +9.72864959261693244545e-007
  +1.01754092916965087870e-006
  +1.05794416614689179889e-006
  +1.09448330702289823481e-006
  +1.12752790730353268506e-006
  +1.15741217884161622304e-006
  +1.18443837004312657676e-006
  +1.20887982279628513765e-006
  +1.23098373704120003216e-006
  +1.25097367094082888559e-006
  +1.26905180193988831859e-006
  +1.28540097157997493118e-006
  +1.30018653475208809581e-006
  +1.31355803208982024629e-006
  +1.32565070241773819443e-006
  +1.33658685055180489542e-006
  +1.34647708428571695260e-006
  +1.35542143307399839329e-006
  +1.36351035972616848288e-006
  +1.37082567534421760124e-006
  +1.37744136675703406542e-006
  +1.38342434482043226564e-006
  +1.38883512115104436833e-006
  +1.39372842013855242128e-006
  +1.39815373242612183579e-006
  +1.40215581545691732830e-006
  +1.40577514614921035953e-006
  +1.40904833027841905297e-006
  +1.41200847270655149250e-006
  +1.41468551220354852490e-006
  +1.41710652424687781652e-006
  +1.41929599486190661796e-006
  +1.42127606827264599196e-006
  +1.42306677086760391629e-006
  +1.42468621374593232029e-006
  +1.42615077589240537976e-006
  +1.42747526983386397920e-006
  +1.42867309145255327604e-006
  +1.42975635547157884235e-006
  +1.43073601798276300528e-006
  +1.43162198725614764580e-006
  +1.43242322395186672412e-006
  +1.43314783174793015728e-006
  +1.43380313930051902366e-006
  +1.43439577436573982957e-006
  +1.43493173083250434783e-006
  +1.43541642934449617597e-006
  +1.43585477212435897724e-006
  +1.43625119255459386532e-006
  +1.43660970001662277816e-006
  +1.43693392044152542198e-006
  +1.43722713298256619779e-006
  +1.43749230318043340263e-006
  +1.18995692338184397840e+001
  +1.15075245445126128629e+001
  +1.11283947598771888465e+001
  +1.07617558816072982353e+001
  +1.04071963811231338326e+001
  +1.00643182881702131226e+001
  +9.73273674412332745476e+000
  +9.41207957000747441612e+000
  +9.10198684875086883039e+000
  +8.80211052120117010134e+000
  +8.51211399545144153933e+000
  +8.23167176903737285443e+000
  +7.96046906358166861395e+000
  +7.69820147147556266276e+000
  +7.44457461420083799197e+000
  +7.19930381190883750264e+000
  +6.96211376388565827966e+000
  +6.73273823954476835496e+000
  +6.51091977960028955863e+000
  +6.29640940708549301519e+000
  +6.08896634789216406602e+000
  +5.88835776051712400658e+000
  +5.69435847471261169517e+000
  +5.50675073874714815503e+000
  +5.32532397499321330514e+000
  +5.14987454356739071670e+000
  +4.98020551375769393587e+000
  +4.81612644298147607458e+000
  +4.65745316302588818758e+000
  +4.50400757333088552770e+000
  +4.35561744108280546328e+000
  +4.21211620789408947019e+000
  +4.07334280285219918483e+000
  +3.93914146172787038580e+000
  +3.80936155213977700740e+000
  +3.68385740447935905451e+000
  +3.56248814840605421139e+000
  +3.44511755472938485667e+000
  +3.33161388250045398252e+000
  +3.22184973114118600179e+000
  +3.11570189744537984211e+000
  +3.01305123729101209662e+000
  +2.91378253190862857025e+000
  +2.81778435855567055413e+000
  +2.72494896545161058299e+000
  +2.63517215083350686555e+000
  +2.54835314599621076681e+000
  +2.46439450218598254949e+000
  +2.38320198122051962741e+000
  +2.30468444971265506993e+000
  +2.22875377677898667272e+000
  +2.15532473511862754378e+000
  +2.08431490535103147721e+000
  +2.01564458350553854515e+000
  +1.94923669155878731551e+000
  +1.88501669091959289659e+000
  +1.82291249876416006082e+000
  +1.76285440712775520744e+000
  +1.70477500466198339524e+000
  +1.64860910096989443652e+000
  +1.59429365343394224830e+000
  +1.54176769645470379544e+000
  +1.49097227302090629131e+000
  +1.44185036853397718914e+000
  +1.39434684681281484409e+000
  +1.34840838820697306311e+000
  +1.30398342974877579081e+000
  +1.26102210727720653871e+000
  +1.21947619946858099027e+000
  +1.17929907371121944770e+000
  +1.14044563376333329963e+000
  +1.10287226913539315731e+000
  +1.06653680614015367034e+000
  +1.03139846055540318481e+000
  +9.97417791846293089186e-001
  +9.64556658895872831572e-001
  +9.32778177194136803863e-001
  +9.02046677437534083488e-001
  +8.72327665492463544261e-001
  +8.43587783677828384477e-001
  +8.15794773323182842439e-001
  +7.88917438560445827278e-001
  +7.62925611308544859845e-001
  +7.37790117411684542859e-001
  +7.13482743893229964804e-001
  +6.89976207288454546074e-001
  +6.67244123020601764829e-001
  +6.45260975785899026924e-001
  +6.24002090914260509891e-001
  +6.03443606673564447718e-001
  +5.83562447486383639728e-001
  +5.64336298029141203436e-001
  +5.45743578184586519697e-001
  +5.27763418819506058277e-001
  +5.10375638360457295484e-001
  +4.93560720141254960502e-001
  +4.77299790496761633385e-001
  +4.61574597578417344934e-001
  +4.46367490867707106261e-001
  +4.31661401364592467456e-001
  +4.17439822428651852171e-001
  +4.03686791251442245176e-001
  +3.90386870939267827119e-001
  +3.77525133186262018548e-001
  +3.65087141518320890121e-001
  +3.53058935089092085224e-001
  +3.41427013009817703626e-001
  +3.30178319195458702673e-001
  +3.19300227710074435716e-001
  +3.08780528595024417182e-001
  +2.98607414164071438556e-001
  +2.88769465750014664440e-001
  +2.79255640887967782060e-001
  +2.70055260920904205424e-001
  +2.61157999013547637013e-001
  +2.52553868561166183770e-001
  +2.44233211980247388873e-001
  +2.36186689868484345212e-001
  +2.28405270521893799529e-001
  +2.20880219797311705410e-001
  +2.13603091308876086307e-001
  +2.06565716947504224299e-001
  +1.99760197712712778140e-001
  +1.93178894846499249471e-001
  +1.86814421259325708080e-001
</dep>
<dep _net3.Vt time>
  -9.99999912000003732260e+000
  -9.99999899135678127493e+000
  -9.99999886271369398116e+000
  -9.99999873407044681528e+000
  -9.99999860542729734902e+000
  +1.20000000000000000000e+001
  +1.20000000000000000000e+001
  +1.20000000000000000000e+001
  +1.20000000000000000000e+001
  +1.20000000000000000000e+001
  +1.20000000000000000000e+001
  +1.20000000000000000000e+001
  +1.20000000000000000000e+001
  +1.20000000000000000000e+001
  +1.20000000000000000000e+001
  +1.20000000000000000000e+001
  +1.20000000000000000000e+001
  +1.20000000000000000000e+001
  +1.20000000000000000000e+001
  +1.20000000000000000000e+001
  +1.20000000000000000000e+001
  +1.20000000000000000000e+001
  +1.20000000000000000000e+001
  +1.20000000000000000000e+001
  +1.20000000000000000000e+001
  +1.20000000000000000000e+001
  +1.20000000000000000000e+001
  +1.20000000000000000000e+001
  +1.20000000000000000000e+001
  +1.20000000000000000000e+001
  +1.20000000000000000000e+001
  +1.20000000000000000000e+001
  +1.20000000000000000000e+001
  +1.20000000000000000000e+001
  +1.20000000000000000000e+001
  +1.20000000000000000000e+001
  +1.20000000000000000000e+001
  +1.20000000000000000000e+001
  +1.20000000000000000000e+001
  +1.20000000000000000000e+001
  +1.20000000000000000000e+001
  +1.20000000000000000000e+001
  +1.20000000000000000000e+001
  +1.20000000000000000000e+001
  +1.20000000000000000000e+001
  +1.20000000000000000000e+001
  +1.20000000000000000000e+001
  +1.20000000000000000000e+001
  +1.20000000000000000000e+001
  +1.20000000000000000000e+001
  +1.20000000000000000000e+001
  +1.20000000000000000000e+001
  +1.20000000000000000000e+001
  +1.20000000000000000000e+001
  +1.20000000000000000000e+001
  +1.20000000000000000000e+001
  +1.20000000000000000000e+001
  +1.20000000000000000000e+001
  +1.20000000000000000000e+001
  +1.20000000000000000000e+001
  +1.20000000000000000000e+001
  +1.20000000000000000000e+001
  +1.20000000000000000000e+001
  +1.20000000000000000000e+001
  +1.20000000000000000000e+001
  +1.20000000000000000000e+001
  +1.20000000000000000000e+001
  +1.20000000000000000000e+001
  +1.20000000000000000000e+001
  +1.20000000000000000000e+001
  +1.20000000000000000000e+001
  +1.20000000000000000000e+001
  +1.20000000000000000000e+001
  +1.20000000000000000000e+001
  +1.20000000000000000000e+001
  +1.20000000000000000000e+001
  +1.20000000000000000000e+001
  +1.20000000000000000000e+001
  +1.20000000000000000000e+001
  +1.20000000000000000000e+001
  +1.20000000000000000000e+001
  +1.20000000000000000000e+001
  +1.20000000000000000000e+001
  +1.20000000000000000000e+001
  +1.20000000000000000000e+001
  +1.20000000000000000000e+001
  +1.20000000000000000000e+001
  +1.20000000000000000000e+001
  +1.20000000000000000000e+001
  +1.20000000000000000000e+001
  +1.20000000000000000000e+001
  +1.20000000000000000000e+001
  +1.20000000000000000000e+001
  +1.20000000000000000000e+001
  +1.20000000000000000000e+001
  +1.20000000000000000000e+001
  +1.20000000000000000000e+001
  +1.20000000000000000000e+001
  +1.20000000000000000000e+001
  +1.20000000000000000000e+001
  +1.20000000000000000000e+001
  +1.20000000000000000000e+001
  +1.20000000000000000000e+001
  +1.20000000000000000000e+001
  +1.20000000000000000000e+001
  +1.20000000000000000000e+001
  +1.20000000000000000000e+001
  +1.20000000000000000000e+001
  +1.20000000000000000000e+001
  +1.20000000000000000000e+001
  +1.20000000000000000000e+001
  +1.20000000000000000000e+001
  +1.20000000000000000000e+001
  +1.20000000000000000000e+001
  +1.20000000000000000000e+001
  +1.20000000000000000000e+001
  +1.20000000000000000000e+001
  +1.20000000000000000000e+001
  +1.20000000000000000000e+001
  +1.20000000000000000000e+001
  +1.20000000000000000000e+001
  +1.20000000000000000000e+001
  +1.20000000000000000000e+001
  +1.20000000000000000000e+001
  +1.20000000000000000000e+001
  +1.20000000000000000000e+001
  +1.20000000000000000000e+001
  +1.20000000000000000000e+001
  +1.20000000000000000000e+001
  +1.20000000000000000000e+001
  +1.20000000000000000000e+001
  +1.20000000000000000000e+001
  +1.20000000000000000000e+001
  +1.20000000000000000000e+001
  +1.20000000000000000000e+001
  +1.20000000000000000000e+001
  +1.20000000000000000000e+001
  +1.20000000000000000000e+001
  +1.20000000000000000000e+001
  +1.20000000000000000000e+001
  +1.20000000000000000000e+001
  +1.20000000000000000000e+001
  +1.20000000000000000000e+001
  +1.20000000000000000000e+001
  +1.20000000000000000000e+001
  +1.20000000000000000000e+001
  +1.20000000000000000000e+001
  +1.20000000000000000000e+001
  +1.20000000000000000000e+001
  +1.20000000000000000000e+001
  +1.20000000000000000000e+001
  +1.20000000000000000000e+001
  +1.20000000000000000000e+001
  +1.20000000000000000000e+001
  +1.20000000000000000000e+001
  +1.20000000000000000000e+001
  +1.20000000000000000000e+001
  +1.20000000000000000000e+001
  +1.20000000000000000000e+001
  +1.20000000000000000000e+001
  +1.20000000000000000000e+001
  +1.20000000000000000000e+001
  +1.20000000000000000000e+001
  +1.20000000000000000000e+001
  +1.20000000000000000000e+001
  +1.20000000000000000000e+001
  +1.20000000000000000000e+001
  +1.20000000000000000000e+001
  +1.20000000000000000000e+001
  +1.20000000000000000000e+001
  +1.20000000000000000000e+001
  +1.20000000000000000000e+001
  +1.20000000000000000000e+001
  +1.20000000000000000000e+001
  +1.20000000000000000000e+001
  +1.20000000000000000000e+001
  +1.20000000000000000000e+001
  +1.20000000000000000000e+001
  +1.20000000000000000000e+001
  +1.20000000000000000000e+001
  +1.20000000000000000000e+001
  +1.20000000000000000000e+001
  +1.20000000000000000000e+001
  +1.20000000000000000000e+001
  +1.20000000000000000000e+001
  +1.20000000000000000000e+001
  +1.20000000000000000000e+001
  +1.20000000000000000000e+001
  +1.20000000000000000000e+001
  +1.20000000000000000000e+001
  +1.20000000000000000000e+001
  +1.20000000000000000000e+001
  +1.20000000000000000000e+001
  +1.20000000000000000000e+001
  +1.20000000000000000000e+001
  +1.20000000000000000000e+001
  +1.20000000000000000000e+001
  +1.20000000000000000000e+001
  +1.20000000000000000000e+001
  +1.20000000000000000000e+001
</dep>
<dep _net1.Vt time>
  -9.99999912000003732260e+000
  -9.99999899135678127493e+000
  -9.99999886271369398116e+000
  -9.99999873407044681528e+000
  -9.99999860542729734902e+000
  +1.20000000000000000000e+001
  +1.20000000000000000000e+001
  +1.20000000000000000000e+001
  +1.20000000000000000000e+001
  +1.20000000000000000000e+001
  +1.20000000000000000000e+001
  +1.20000000000000000000e+001
  +1.20000000000000000000e+001
  +1.20000000000000000000e+001
  +1.20000000000000000000e+001
  +1.20000000000000000000e+001
  +1.20000000000000000000e+001
  +1.20000000000000000000e+001
  +1.20000000000000000000e+001
  +1.20000000000000000000e+001
  +1.20000000000000000000e+001
  +1.20000000000000000000e+001
  +1.20000000000000000000e+001
  +1.20000000000000000000e+001
  +1.20000000000000000000e+001
  +1.20000000000000000000e+001
  +1.20000000000000000000e+001
  +1.20000000000000000000e+001
  +1.20000000000000000000e+001
  +1.20000000000000000000e+001
  +1.20000000000000000000e+001
  +1.20000000000000000000e+001
  +1.20000000000000000000e+001
  +1.20000000000000000000e+001
  +1.20000000000000000000e+001
  +1.20000000000000000000e+001
  +1.20000000000000000000e+001
  +1.20000000000000000000e+001
  +1.20000000000000000000e+001
  +1.20000000000000000000e+001
  +1.20000000000000000000e+001
  +1.20000000000000000000e+001
  +1.20000000000000000000e+001
  +1.20000000000000000000e+001
  +1.20000000000000000000e+001
  +1.20000000000000000000e+001
  +1.20000000000000000000e+001
  +1.20000000000000000000e+001
  +1.20000000000000000000e+001
  +1.20000000000000000000e+001
  +1.20000000000000000000e+001
  +1.20000000000000000000e+001
  +1.20000000000000000000e+001
  +1.20000000000000000000e+001
  +1.20000000000000000000e+001
  +1.20000000000000000000e+001
  +1.20000000000000000000e+001
  +1.20000000000000000000e+001
  +1.20000000000000000000e+001
  +1.20000000000000000000e+001
  +1.20000000000000000000e+001
  +1.20000000000000000000e+001
  +1.20000000000000000000e+001
  +1.20000000000000000000e+001
  +1.20000000000000000000e+001
  +1.20000000000000000000e+001
  +1.20000000000000000000e+001
  +1.20000000000000000000e+001
  +1.20000000000000000000e+001
  +1.20000000000000000000e+001
  +1.20000000000000000000e+001
  +1.20000000000000000000e+001
  +1.20000000000000000000e+001
  +1.20000000000000000000e+001
  +1.20000000000000000000e+001
  +1.18995692378356618946e+001
  +1.15075245642115540079e+001
  +1.11283947947413679458e+001
  +1.07617559311370918351e+001
  +1.04071964448351881316e+001
  +1.00643183655974262081e+001
  +9.73273683481383145022e+000
  +9.41207967352431040808e+000
  +9.10198696467133849808e+000
  +8.80211064911675933331e+000
  +8.51211413496691449154e+000
  +8.23167191977050549667e+000
  +7.96046922516287480676e+000
  +7.69820164354751135249e+000
  +7.44457479641785990765e+000
  +7.19930400393660807623e+000
  +6.96211396540106441932e+000
  +6.73273845023524142306e+000
  +6.51091999916348829203e+000
  +6.29640963522906993433e+000
  +6.08896658433352033768e+000
  +5.88835800498274952730e+000
  +5.69435872693825295698e+000
  +5.50675099847705062928e+000
  +5.32532424198022535933e+000
  +5.14987481757239340396e+000
  +4.98020579454947931453e+000
  +4.81612673033639016040e+000
  +4.65745345672772437240e+000
  +4.50400787317059680959e+000
  +4.35561774685807279184e+000
  +4.21211651940939191263e+000
  +4.07334311991848529999e+000
  +3.93914178416219407097e+000
  +3.80936187976526996479e+000
  +3.68385773712502073707e+000
  +3.56248848590650712964e+000
  +3.44511789692466052770e+000
  +3.33161422923587124956e+000
  +3.22185008226717695123e+000
  +3.11570225281727308797e+000
  +3.01305159676894351861e+000
  +2.91378289535732282189e+000
  +2.81778472584425676573e+000
  +2.72494933645363257568e+000
  +2.63517252542659941028e+000
  +2.54835352406208048848e+000
  +2.46439488361019298779e+000
  +2.38320236589241085667e+000
  +2.30468483752523090047e+000
  +2.22875416762881917165e+000
  +2.15532512890561767094e+000
  +2.08431530197841086149e+000
  +2.01564498287974691593e+000
  +1.94923709358929841962e+000
  +1.88501709551889984340e+000
  +1.82291290584765075522e+000
  +1.76285481661355669658e+000
  +1.70477541647095320876e+000
  +1.64860951502551511538e+000
  +1.59429406966218278896e+000
  +1.54176811478398612110e+000
  +1.49097269338198423760e+000
  +1.44185079085994649617e+000
  +1.39434727103893352229e+000
  +1.34840881427062386777e+000
  +1.30398385758942203516e+000
  +1.26102253683630260994e+000
  +1.21947663068952127929e+000
  +1.17929950653922888115e+000
  +1.14044606814549109863e+000
  +1.10287270502047518583e+000
  +1.06653724347867462363e+000
  +1.03139889929944117419e+000
  +9.97418231949569022987e-001
  +9.64557100313589432794e-001
  +9.32778619882989157297e-001
  +9.02047121355649017538e-001
  +8.72328110599340011966e-001
  +8.43588229934303934776e-001
  +8.15795220691377442890e-001
  +7.88917887003729778606e-001
  +7.62926060791497717695e-001
  +7.37790567900065585860e-001
  +7.13483195353897592383e-001
  +6.89976659689383486906e-001
  +6.67244576330815020171e-001
  +6.45261429975437339479e-001
  +6.24002545954155496410e-001
  +6.03444062535805625380e-001
  +5.83562904143865801565e-001
  +5.64336755455665861625e-001
  +5.45744036354822936730e-001
  +5.27763877708945394751e-001
  +5.10376097945416273838e-001
  +4.93561180398807086700e-001
  +4.77300251404751574302e-001
  +4.61575059115415520239e-001
  +4.46367953012988205597e-001
  +4.31661864098116965227e-001
  +4.17440285731039806283e-001
  +4.03687255103952702395e-001
  +3.90387335323770678919e-001
  +3.77525598085238112134e-001
  +3.65087606914815288039e-001
  +3.53059400966715064563e-001
  +3.41427479352717666572e-001
  +3.30178785988304357435e-001
  +3.19300694938046802918e-001
  +3.08780996243784522370e-001
  +2.98607882219754372510e-001
  +2.88769934199214983739e-001
  +2.79256109717723355335e-001
  +2.70055730118674619522e-001
  +2.61158468567208923439e-001
  +2.52554338458994054317e-001
  +2.44233682210899943898e-001
  +2.36187160420996938859e-001
  +2.28405741385664801113e-001
  +2.20880690962082709694e-001
  +2.13603562764733911905e-001
  +2.06566188684855406299e-001
  +1.99760669722284261995e-001
  +1.93179367119324346680e-001
  +1.86814893786729163683e-001
</dep>
<dep _net0.Vt time>
  -9.99999912000003732260e+000
  -9.99999899135678127493e+000
  -9.99999886271369398116e+000
  -9.99999873407044681528e+000
  -9.99999860542729734902e+000
  +1.20000000000000000000e+001
  +1.20000000000000000000e+001
  +1.20000000000000000000e+001
  +1.20000000000000000000e+001
  +1.20000000000000000000e+001
  +1.20000000000000000000e+001
  +1.20000000000000000000e+001
  +1.20000000000000000000e+001
  +1.20000000000000000000e+001
  +1.20000000000000000000e+001
  +1.20000000000000000000e+001
  +1.20000000000000000000e+001
  +1.20000000000000000000e+001
  +1.20000000000000000000e+001
  +1.20000000000000000000e+001
  +1.20000000000000000000e+001
  +1.20000000000000000000e+001
  +1.20000000000000000000e+001
  +1.20000000000000000000e+001
  +1.20000000000000000000e+001
  +1.20000000000000000000e+001
  +1.20000000000000000000e+001
  +1.20000000000000000000e+001
  +1.20000000000000000000e+001
  +1.20000000000000000000e+001
  +1.20000000000000000000e+001
  +1.20000000000000000000e+001
  +1.20000000000000000000e+001
  +1.20000000000000000000e+001
  +1.20000000000000000000e+001
  +1.20000000000000000000e+001
  +1.20000000000000000000e+001
  +1.20000000000000000000e+001
  +1.20000000000000000000e+001
  +1.20000000000000000000e+001
  +1.20000000000000000000e+001
  +1.20000000000000000000e+001
  +1.20000000000000000000e+001
  +1.20000000000000000000e+001
  +1.20000000000000000000e+001
  +1.20000000000000000000e+001
  +1.20000000000000000000e+001
  +1.20000000000000000000e+001
  +1.20000000000000000000e+001
  +1.20000000000000000000e+001
  +1.20000000000000000000e+001
  +1.20000000000000000000e+001
  +1.20000000000000000000e+001
  +1.20000000000000000000e+001
  +1.20000000000000000000e+001
  +1.20000000000000000000e+001
  +1.20000000000000000000e+001
  +1.20000000000000000000e+001
  +1.20000000000000000000e+001
  +1.20000000000000000000e+001
  +1.20000000000000000000e+001
  +1.20000000000000000000e+001
  +1.20000000000000000000e+001
  +1.20000000000000000000e+001
  +1.20000000000000000000e+001
  +1.20000000000000000000e+001
  +1.20000000000000000000e+001
  +1.20000000000000000000e+001
  +1.20000000000000000000e+001
  +1.20000000000000000000e+001
  +1.20000000000000000000e+001
  +1.20000000000000000000e+001
  +1.20000000000000000000e+001
  +1.20000000000000000000e+001
  +1.20000000000000000000e+001
  +1.18995692378356618946e+001
  +1.15075245642115540079e+001
  +1.11283947947413679458e+001
  +1.07617559311370918351e+001
  +1.04071964448351881316e+001
  +1.00643183655974262081e+001
  +9.73273683481383145022e+000
  +9.41207967352431040808e+000
  +9.10198696467133849808e+000
  +8.80211064911675933331e+000
  +8.51211413496691449154e+000
  +8.23167191977050549667e+000
  +7.96046922516287480676e+000
  +7.69820164354751135249e+000
  +7.44457479641785990765e+000
  +7.19930400393660807623e+000
  +6.96211396540106441932e+000
  +6.73273845023524142306e+000
  +6.51091999916348829203e+000
  +6.29640963522906993433e+000
  +6.08896658433352033768e+000
  +5.88835800498274952730e+000
  +5.69435872693825295698e+000
  +5.50675099847705062928e+000
  +5.32532424198022535933e+000
  +5.14987481757239340396e+000
  +4.98020579454947931453e+000
  +4.81612673033639016040e+000
  +4.65745345672772437240e+000
  +4.50400787317059680959e+000
  +4.35561774685807279184e+000
  +4.21211651940939191263e+000
  +4.07334311991848529999e+000
  +3.93914178416219407097e+000
  +3.80936187976526996479e+000
  +3.68385773712502073707e+000
  +3.56248848590650712964e+000
  +3.44511789692466052770e+000
  +3.33161422923587124956e+000
  +3.22185008226717695123e+000
  +3.11570225281727308797e+000
  +3.01305159676894351861e+000
  +2.91378289535732282189e+000
  +2.81778472584425676573e+000
  +2.72494933645363257568e+000
  +2.63517252542659941028e+000
  +2.54835352406208048848e+000
  +2.46439488361019298779e+000
  +2.38320236589241085667e+000
  +2.30468483752523090047e+000
  +2.22875416762881917165e+000
  +2.15532512890561767094e+000
  +2.08431530197841086149e+000
  +2.01564498287974691593e+000
  +1.94923709358929841962e+000
  +1.88501709551889984340e+000
  +1.82291290584765075522e+000
  +1.76285481661355669658e+000
  +1.70477541647095320876e+000
  +1.64860951502551511538e+000
  +1.59429406966218278896e+000
  +1.54176811478398612110e+000
  +1.49097269338198423760e+000
  +1.44185079085994649617e+000
  +1.39434727103893352229e+000
  +1.34840881427062386777e+000
  +1.30398385758942203516e+000
  +1.26102253683630260994e+000
  +1.21947663068952127929e+000
  +1.17929950653922888115e+000
  +1.14044606814549109863e+000
  +1.10287270502047518583e+000
  +1.06653724347867462363e+000
  +1.03139889929944117419e+000
  +9.97418231949569022987e-001
  +9.64557100313589432794e-001
  +9.32778619882989157297e-001
  +9.02047121355649017538e-001
  +8.72328110599340011966e-001
  +8.43588229934303934776e-001
  +8.15795220691377442890e-001
  +7.88917887003729778606e-001
  +7.62926060791497717695e-001
  +7.37790567900065585860e-001
  +7.13483195353897592383e-001
  +6.89976659689383486906e-001
  +6.67244576330815020171e-001
  +6.45261429975437339479e-001
  +6.24002545954155496410e-001
  +6.03444062535805625380e-001
  +5.83562904143865801565e-001
  +5.64336755455665861625e-001
  +5.45744036354822936730e-001
  +5.27763877708945394751e-001
  +5.10376097945416273838e-001
  +4.93561180398807086700e-001
  +4.77300251404751574302e-001
  +4.61575059115415520239e-001
  +4.46367953012988205597e-001
  +4.31661864098116965227e-001
  +4.17440285731039806283e-001
  +4.03687255103952702395e-001
  +3.90387335323770678919e-001
  +3.77525598085238112134e-001
  +3.65087606914815288039e-001
  +3.53059400966715064563e-001
  +3.41427479352717666572e-001
  +3.30178785988304357435e-001
  +3.19300694938046802918e-001
  +3.08780996243784522370e-001
  +2.98607882219754372510e-001
  +2.88769934199214983739e-001
  +2.79256109717723355335e-001
  +2.70055730118674619522e-001
  +2.61158468567208923439e-001
  +2.52554338458994054317e-001
  +2.44233682210899943898e-001
  +2.36187160420996938859e-001
  +2.28405741385664801113e-001
  +2.20880690962082709694e-001
  +2.13603562764733911905e-001
  +2.06566188684855406299e-001
  +1.99760669722284261995e-001
  +1.93179367119324346680e-001
  +1.86814893786729163683e-001
</dep>
<dep Vin.Vt time>
  +1.20000000000000000000e+001
  +1.20000000000000000000e+001
  +1.20000000000000000000e+001
  +1.20000000000000000000e+001
  +1.20000000000000000000e+001
  +1.20000000000000000000e+001
  +1.20000000000000000000e+001
  +1.20000000000000000000e+001
  +1.20000000000000000000e+001
  +1.20000000000000000000e+001
  +1.20000000000000000000e+001
  +1.20000000000000000000e+001
  +1.20000000000000000000e+001
  +1.20000000000000000000e+001
  +1.20000000000000000000e+001
  +1.20000000000000000000e+001
  +1.20000000000000000000e+001
  +1.20000000000000000000e+001
  +1.20000000000000000000e+001
  +1.20000000000000000000e+001
  +1.20000000000000000000e+001
  +1.20000000000000000000e+001
  +1.20000000000000000000e+001
  +1.20000000000000000000e+001
  +1.20000000000000000000e+001
  +1.20000000000000000000e+001
  +1.20000000000000000000e+001
  +1.20000000000000000000e+001
  +1.20000000000000000000e+001
  +1.20000000000000000000e+001
  +1.20000000000000000000e+001
  +1.20000000000000000000e+001
  +1.20000000000000000000e+001
  +1.20000000000000000000e+001
  +1.20000000000000000000e+001
  +1.20000000000000000000e+001
  +1.20000000000000000000e+001
  +1.20000000000000000000e+001
  +1.20000000000000000000e+001
  +1.20000000000000000000e+001
  +1.20000000000000000000e+001
  +1.20000000000000000000e+001
  +1.20000000000000000000e+001
  +1.20000000000000000000e+001
  +1.20000000000000000000e+001
  +1.20000000000000000000e+001
  +1.20000000000000000000e+001
  +1.20000000000000000000e+001
  +1.20000000000000000000e+001
  +1.20000000000000000000e+001
  +1.20000000000000000000e+001
  +1.20000000000000000000e+001
  +1.20000000000000000000e+001
  +1.20000000000000000000e+001
  +1.20000000000000000000e+001
  +1.20000000000000000000e+001
  +1.20000000000000000000e+001
  +1.20000000000000000000e+001
  +1.20000000000000000000e+001
  +1.20000000000000000000e+001
  +1.20000000000000000000e+001
  +1.20000000000000000000e+001
  +1.20000000000000000000e+001
  +1.20000000000000000000e+001
  +1.20000000000000000000e+001
  +1.20000000000000000000e+001
  +1.20000000000000000000e+001
  +1.20000000000000000000e+001
  +1.20000000000000000000e+001
  +1.20000000000000000000e+001
  +1.20000000000000000000e+001
  +1.20000000000000000000e+001
  +1.20000000000000000000e+001
  +1.20000000000000000000e+001
  +1.20000000000000000000e+001
  +1.20000000000000000000e+001
  +1.20000000000000000000e+001
  +1.20000000000000000000e+001
  +1.20000000000000000000e+001
  +1.20000000000000000000e+001
  +1.20000000000000000000e+001
  +1.20000000000000000000e+001
  +1.20000000000000000000e+001
  +1.20000000000000000000e+001
  +1.20000000000000000000e+001
  +1.20000000000000000000e+001
  +1.20000000000000000000e+001
  +1.20000000000000000000e+001
  +1.20000000000000000000e+001
  +1.20000000000000000000e+001
  +1.20000000000000000000e+001
  +1.20000000000000000000e+001
  +1.20000000000000000000e+001
  +1.20000000000000000000e+001
  +1.20000000000000000000e+001
  +1.20000000000000000000e+001
  +1.20000000000000000000e+001
  +1.20000000000000000000e+001
  +1.20000000000000000000e+001
  +1.20000000000000000000e+001
  +1.20000000000000000000e+001
  +1.20000000000000000000e+001
  +1.20000000000000000000e+001
  +1.20000000000000000000e+001
  +1.20000000000000000000e+001
  +1.20000000000000000000e+001
  +1.20000000000000000000e+001
  +1.20000000000000000000e+001
  +1.20000000000000000000e+001
  +1.20000000000000000000e+001
  +1.20000000000000000000e+001
  +1.20000000000000000000e+001
  +1.20000000000000000000e+001
  +1.20000000000000000000e+001
  +1.20000000000000000000e+001
  +1.20000000000000000000e+001
  +1.20000000000000000000e+001
  +1.20000000000000000000e+001
  +1.20000000000000000000e+001
  +1.20000000000000000000e+001
  +1.20000000000000000000e+001
  +1.20000000000000000000e+001
  +1.20000000000000000000e+001
  +1.20000000000000000000e+001
  +1.20000000000000000000e+001
  +1.20000000000000000000e+001
  +1.20000000000000000000e+001
  +1.20000000000000000000e+001
  +1.20000000000000000000e+001
  +1.20000000000000000000e+001
  +1.20000000000000000000e+001
  +1.20000000000000000000e+001
  +1.20000000000000000000e+001
  +1.20000000000000000000e+001
  +1.20000000000000000000e+001
  +1.20000000000000000000e+001
  +1.20000000000000000000e+001
  +1.20000000000000000000e+001
  +1.20000000000000000000e+001
  +1.20000000000000000000e+001
  +1.20000000000000000000e+001
  +1.20000000000000000000e+001
  +1.20000000000000000000e+001
  +1.20000000000000000000e+001
  +1.20000000000000000000e+001
  +1.20000000000000000000e+001
  +1.20000000000000000000e+001
  +1.20000000000000000000e+001
  +1.20000000000000000000e+001
  +1.20000000000000000000e+001
  +1.20000000000000000000e+001
  +1.20000000000000000000e+001
  +1.20000000000000000000e+001
  +1.20000000000000000000e+001
  +1.20000000000000000000e+001
  +1.20000000000000000000e+001
  +1.20000000000000000000e+001
  +1.20000000000000000000e+001
  +1.20000000000000000000e+001
  +1.20000000000000000000e+001
  +1.20000000000000000000e+001
  +1.20000000000000000000e+001
  +1.20000000000000000000e+001
  +1.20000000000000000000e+001
  +1.20000000000000000000e+001
  +1.20000000000000000000e+001
  +1.20000000000000000000e+001
  +1.20000000000000000000e+001
  +1.20000000000000000000e+001
  +1.20000000000000000000e+001
  +1.20000000000000000000e+001
  +1.20000000000000000000e+001
  +1.20000000000000000000e+001
  +1.20000000000000000000e+001
  +1.20000000000000000000e+001
  +1.20000000000000000000e+001
  +1.20000000000000000000e+001
  +1.20000000000000000000e+001
  +1.20000000000000000000e+001
  +1.20000000000000000000e+001
  +1.20000000000000000000e+001
  +1.20000000000000000000e+001
  +1.20000000000000000000e+001
  +1.20000000000000000000e+001
  +1.20000000000000000000e+001
  +1.20000000000000000000e+001
  +1.20000000000000000000e+001
  +1.20000000000000000000e+001
  +1.20000000000000000000e+001
  +1.20000000000000000000e+001
  +1.20000000000000000000e+001
  +1.20000000000000000000e+001
  +1.20000000000000000000e+001
  +1.20000000000000000000e+001
  +1.20000000000000000000e+001
  +1.20000000000000000000e+001
  +1.20000000000000000000e+001
  +1.20000000000000000000e+001
  +1.20000000000000000000e+001
  +1.20000000000000000000e+001
</dep>
